10000
4367
8202
4826
39
5310
9271
2563
5461
1575
1742
7217
7947
3535
3165
9182
1255
6084
590
8085
9602
8338
6182
1430
2106
5294
5347
1052
2681
7689
9407
6524
6995
4705
620
5428
8809
781
5485
7144
5915
5913
7223
2879
2808
5105
2708
1260
3997
2589
8588
1051
1712
6926
40
4311
4367
2136
5183
9505
449
1073
2094
9645
4267
1854
5815
7428
8922
2607
4546
1361
8849
4037
8494
731
4774
3466
8350
6714
8225
5869
3280
6099
4940
7773
3361
3236
7688
9256
5909
9780
7966
3224
5557
3592
5849
8818
7263
2852
2909
5419
8539
8932
1916
8952
7538
7527
1232
1476
4803
1267
9520
270
9402
7956
3458
6866
7175
2874
2625
1191
6879
2101
6740
3668
1516
8271
6053
3386
981
6855
3507
6630
2550
5423
1195
6279
3475
7864
1556
6649
3264
768
7909
8879
4232
2215
6325
3086
2413
2771
2048
9910
6017
1501
3208
8032
6466
2440
7857
6421
6998
1282
9766
4482
6579
3194
3941
3324
621
9239
9096
8467
8682
4596
495
4586
3252
325
2377
4072
7565
9577
2217
737
4527
7827
1838
902
9262
3164
2442
5730
9247
961
8706
8432
5078
7987
5676
6221
9055
4475
1924
365
5827
8326
606
5888
1879
445
2127
2970
6151
8999
8483
7146
2854
4346
1243
1199
261
1570
5945
4475
9021
9487
505
9369
406
2288
3300
33
1824
1450
1759
6144
3329
3210
5477
3456
6378
4176
1283
5234
5498
5673
1960
7458
9204
9146
3784
5198
2518
5878
3586
845
1047
9772
2468
8021
1655
2754
1628
6128
5007
643
6391
8673
7133
5167
2362
2829
4311
5835
4247
8031
9202
2131
5477
2484
8701
467
3955
6831
4107
1519
3448
405
928
5832
4188
1666
5534
5996
7716
5399
6596
8407
5377
695
8099
5840
4631
7047
3775
8442
3665
1078
1900
7777
8341
7139
7041
1334
190
5602
4847
3807
8127
9624
1610
8883
2982
6581
1428
5073
7022
4906
8578
5696
1623
2829
3879
6584
2031
5445
2610
2699
385
8520
8277
9318
4066
8307
7875
2514
9763
3939
4556
8295
6653
9856
645
6060
4159
6392
4154
8899
8012
7671
3649
8917
5237
5529
2139
6178
2186
1447
3478
8693
9288
1072
6072
4874
2371
6163
7796
5184
6036
5688
5395
9763
2437
5533
7840
2829
9365
6078
4083
2388
2410
5989
841
1031
9024
2513
4252
8207
407
7113
313
4157
2497
1398
2006
665
9062
2765
6810
1401
9225
6071
2750
4668
709
7616
1859
5735
5284
4199
1272
222
3602
567
1322
3144
6712
5128
119
9226
1804
1352
7534
3338
6809
3197
5693
4564
3039
5533
2029
4447
3850
3662
5369
1236
4929
6955
6867
8712
1057
1174
8157
9769
1862
3452
4319
114
1172
3495
6284
4978
8711
5688
6077
451
6224
1707
1655
8318
2037
8265
3834
4466
1752
4300
6116
8565
2070
2305
6534
5806
2336
1829
3691
9940
2183
2271
8379
1895
8938
6206
5984
5711
6404
6142
9547
3256
3306
6284
7846
6528
9149
2767
2759
1590
5330
5174
735
4878
6682
5772
2444
3677
4493
7015
7174
48
537
4874
4089
9034
8568
7344
7477
7245
1389
5553
6344
3986
1581
159
5715
8629
5409
5772
5923
9750
4202
2908
9
1420
5777
2003
4058
5693
1473
2154
741
9931
2958
1184
9377
6344
615
8765
8611
3543
9217
5582
1354
1928
8971
1746
3637
3864
6895
5469
8676
6674
5869
1612
4176
5588
2658
1319
2267
596
3819
8678
4460
7433
3792
1756
2944
1136
5054
3176
6796
3575
3388
3297
5672
2041
9134
6381
7079
7159
1400
4948
6397
2675
9404
8668
516
7512
708
643
2765
4590
1359
7560
6071
1282
240
9669
9672
6056
594
4221
2054
8524
2141
8342
3839
4886
8452
4568
8806
458
1765
5037
8996
8759
1135
6841
1436
8585
32
9440
1913
4322
1360
8393
5383
2049
9511
1034
3011
1183
1101
8671
9411
6252
9764
1761
6612
1558
5284
6490
7087
2638
4296
5240
2256
7227
9008
1845
2945
8346
971
1738
9336
4247
5078
1701
6338
6853
623
1278
4358
493
3964
6571
278
8736
9369
1904
5751
635
7293
5457
1078
9302
1716
8928
595
1862
1235
3987
1665
8532
5485
8022
876
3396
894
509
8999
9775
4018
7212
5400
250
5342
7865
881
5648
9819
1735
9466
5582
5541
5900
5106
9359
4101
8213
9724
2583
4136
9512
7609
5717
8973
2345
5603
3458
378
7042
7848
5775
195
7535
3915
7929
194
1747
1152
33
8109
5327
950
4620
2337
6
3058
2265
8286
770
8613
672
4354
5636
2461
2017
4196
3163
2867
8673
3092
4584
9947
3422
5359
5695
6857
6441
9086
159
7025
6361
9068
2204
9818
3890
6916
1128
4348
8827
2122
8998
771
6264
6317
1738
2284
4527
8606
8423
511
8503
1242
7750
8061
1535
178
3221
1392
418
6316
8586
2583
189
1929
1631
5647
5702
7905
9571
9338
2692
6213
6298
7789
1219
9593
8708
838
1924
8573
3598
377
8092
1122
2437
4909
5634
2633
9505
1513
8405
3390
3209
1622
8758
5063
4583
7595
6430
3963
2973
3831
1330
7274
8131
5921
8582
6127
156
5053
2321
6781
9311
5261
6761
6900
2146
8271
5125
5876
7461
7069
291
7418
9029
8141
9776
6023
5022
1514
6079
11
6880
2238
9717
1900
9412
4913
1980
4512
6638
7006
2996
2901
9017
5051
4444
6349
5874
791
7979
2068
6521
5754
5
120
4258
4631
5744
5622
5681
2944
3598
9146
8925
3472
465
5055
3562
9299
5558
5422
682
3100
9115
9235
1392
1154
5039
7807
6179
5658
8588
8405
4195
6576
8284
469
6033
5527
189
3868
411
2602
2687
9910
6266
1561
7860
6500
6159
5402
5408
8004
109
3987
2377
9477
7255
7082
4340
2410
7500
7892
5294
4687
1769
677
5968
5001
6503
6812
314
6614
6256
6074
1209
7846
5659
4243
4313
4415
5878
8824
8536
1581
8076
866
5979
3944
1125
5087
1168
286
1483
6058
9536
1331
7401
7620
9094
3178
4109
1030
6778
9396
2323
943
4654
3047
7118
8595
2744
3109
3029
8860
1698
7685
2480
7311
4784
669
206
8489
6900
6908
2291
7855
733
9442
3641
8089
4102
1758
9782
5615
2899
2553
3761
9005
1260
1410
7119
2328
6134
6779
8999
3599
6040
9156
4830
1245
903
9975
8512
9884
10
4127
2141
4356
4297
9770
1429
8601
7019
1028
603
3038
4363
5719
4966
8979
2387
6572
6128
3580
5405
7297
5090
3130
4715
6011
6455
9171
8349
413
8480
347
1388
1103
8836
6469
8279
8425
9684
9855
3930
177
1462
7382
4617
7431
9894
4576
8793
4300
3843
2724
1368
7689
3021
593
9788
429
66
7865
149
4654
3151
5528
7616
4691
8719
6003
7994
1486
376
1136
5793
8756
5027
7018
5335
3233
3200
8985
352
1905
3041
7984
5816
2829
4647
9428
7424
5732
2576
9676
5968
4585
7774
111
9896
5397
3868
6561
7069
9971
7221
7976
5042
3862
5879
2044
6121
3263
212
8395
892
9005
2637
8012
536
6532
8028
3959
8193
4833
6004
1256
4457
2577
774
276
7464
9587
5542
4702
2809
8055
5129
37
8531
3763
580
4877
9896
4940
2239
7602
6229
9728
3801
4197
3760
3736
9088
1662
4172
7021
491
2976
2003
8309
6599
5558
3827
9640
4025
142
2652
258
7332
9319
4298
4688
8810
7557
3612
1965
6629
7202
4767
6365
5017
3318
8962
3767
9573
8858
5125
4234
4925
2098
9386
8959
4649
4938
2465
964
3965
6330
1300
375
6752
7995
7666
8373
6528
3450
3612
5339
1519
8678
9822
8922
7572
706
7292
624
7364
3902
5900
9742
2179
5824
7807
9395
5945
5493
7497
7852
5623
3639
3337
5884
561
6398
5475
1302
7930
2392
6884
4833
7742
6462
1593
4285
8202
2845
6579
2698
196
9836
6452
9470
1060
3259
4279
4109
6771
9547
7505
9836
6810
9829
6234
7253
4094
2084
7309
8034
7384
506
4690
8805
6143
23
3751
2822
9907
8303
7254
3467
5168
501
9370
9701
3319
6970
6848
6687
2993
7779
650
9706
3766
9111
1827
3917
9389
9248
842
9970
6541
5729
7776
518
1232
8882
1524
2674
8109
6455
4491
802
4206
7444
8749
6249
3412
8085
4851
3927
2324
4746
490
5665
5052
7094
1977
8495
9933
2339
692
1227
7200
8850
9322
7471
7558
2328
6208
7113
7898
5280
5127
8717
300
3408
7726
845
8906
1724
5631
1054
3997
2286
4898
7670
8719
9108
3655
9558
8661
5520
1635
9398
2262
7541
3908
1104
1136
8184
2080
2877
9282
5944
4025
5173
6967
4763
2084
6395
5748
2525
2612
8829
134
4595
3218
1656
9890
946
6995
9720
2767
9604
2609
2808
2293
3528
9952
6084
590
195
7455
5142
5729
6694
1853
2563
180
536
7513
899
941
148
5344
143
6185
9960
3316
6153
2398
8909
5553
6223
948
2722
1160
6733
5808
2171
8348
6189
1188
655
5811
4342
8919
5430
2598
6980
7597
1293
2239
181
5994
4155
6874
2756
8044
1196
4421
3008
669
3642
4526
5801
7922
8956
2719
4105
664
9975
9779
9206
7186
9709
3909
7287
3402
1724
905
8835
52
6091
6372
9816
323
7241
6096
3078
2533
2979
6121
1313
203
2296
8710
9633
3595
6740
3323
4316
9247
8073
5549
6412
5301
1526
6195
9328
3466
5918
9351
226
9193
1182
1583
2189
9509
945
3377
237
933
5462
5854
5664
9110
8865
8160
5708
1429
2747
3178
752
6209
1022
5137
669
2816
6118
1325
648
7437
921
9394
7017
3946
8036
7944
1552
2671
2644
9143
2601
2253
7812
3061
4290
1555
3025
5396
2726
6259
6314
5162
9298
2704
8376
6755
1480
7336
4266
1277
8802
3772
4065
5668
320
3698
6897
8861
333
6787
237
9732
3572
7671
8660
1087
6740
9329
8803
9865
3469
5433
4292
6426
9493
3312
638
8386
5516
9093
814
8180
423
203
7773
7489
4283
6637
4401
7409
7208
9050
7597
2684
2982
6965
3208
7372
8722
9226
6679
5774
1432
9785
8270
484
6924
7221
5770
4701
4765
6421
8065
1949
8011
6716
2531
6570
105
3450
9892
4456
5991
8429
5116
9915
5908
7051
4489
3052
100
7562
1605
5536
5284
3124
5311
377
223
7105
4102
5140
8171
7436
3793
1263
707
4974
22
6348
8687
4308
879
3366
3096
6598
396
2116
852
2777
2038
2292
450
536
549
574
9143
5652
7611
6944
8517
638
9497
7164
1248
78
890
4328
1906
7049
5972
3450
6498
5136
9090
9145
2086
2330
2938
5391
130
3917
9637
258
8473
5415
5602
8107
970
193
954
5531
3388
6592
3050
3178
4099
2705
2479
3037
4898
1139
7273
6511
6692
1334
4908
3316
8048
2814
9025
9750
1165
6650
9345
4632
9749
5659
5399
83
986
2555
4983
135
6905
8797
5019
8295
4878
5312
4684
6610
9230
1982
3264
4994
5914
7338
3465
4314
6354
8369
7534
4970
8848
6130
987
1938
1515
6450
4207
2608
1765
869
5994
4629
7010
2199
3510
8604
2702
3937
3616
2393
537
3527
9226
8251
2174
8531
3513
9534
3334
8884
8715
3676
1223
2003
1406
3410
8931
2966
1893
5693
8413
5165
1336
7000
6830
2435
460
9762
9751
5615
9513
1430
5705
4459
5349
4433
1718
3099
2941
6918
4945
1177
1092
1576
7535
5100
6442
1391
7002
9813
5327
453
3830
6502
9256
1090
1884
2165
5817
4910
5817
8177
1694
6311
9878
3561
9200
5880
2464
4675
9260
2719
3889
4093
4194
1135
5909
7076
9592
7618
4309
2017
937
3092
4291
6123
2332
1106
9748
6961
7348
3282
1873
9265
5654
5257
2128
4793
5871
4215
6650
2426
7877
3545
4325
3290
4887
5354
7707
2845
4899
9440
9100
951
6229
4616
8149
1786
6001
9150
6704
4008
1673
603
9741
6458
9344
6495
8923
8498
3325
5677
9558
662
4264
4744
3641
8549
5452
9153
4876
6375
7475
5304
1648
1880
820
3452
5820
9645
677
8306
3648
698
6721
6367
1994
2110
2288
4471
4411
145
3844
2970
8007
3080
2318
9307
1753
3229
5891
8997
1112
4516
7614
6568
8798
2741
2921
5370
2580
9838
1830
9384
3616
7994
7985
9555
380
1306
6246
1444
5017
1037
126
3765
9097
1821
2582
1645
6845
1180
6070
598
8204
4908
1970
5973
794
1889
5462
9014
4146
1009
3251
7189
2544
3186
5824
7924
9561
212
8284
9578
6983
4124
5573
7607
8447
7395
6499
4596
7577
502
3545
6079
9034
2052
613
8543
6261
5175
3403
8728
9781
6433
9973
3332
1600
1277
5082
3780
6602
2155
7047
43
3071
2365
376
3174
5830
7628
3415
3778
1900
8704
8097
3622
732
6753
5293
8029
734
2611
4023
276
7730
3484
9987
1310
7749
4039
7077
4842
2131
7229
7111
4697
687
9373
9297
9208
2584
772
674
6262
4379
4500
5142
9376
5537
4933
5225
5524
1589
4497
135
2856
5555
9950
8529
4830
7716
4296
8766
1512
6250
8220
5456
500
9868
3629
2456
162
7283
7457
3458
2215
4700
7457
9833
5436
3090
894
7275
3849
9381
4355
120
188
3376
2407
5842
1132
1722
9728
8013
1320
3207
9975
5063
6029
5722
7119
1479
8513
9138
7684
4164
82
1432
3302
6251
511
2882
1681
9977
6820
7412
1883
250
6938
5863
259
2637
2433
3659
6793
3325
6576
1185
6104
9220
3242
7585
7720
2021
5678
7108
9089
8993
5822
4700
5803
6439
2756
5815
8718
1658
9263
9665
7688
3578
488
8837
4594
7682
1763
8810
4334
1917
3276
4601
6073
8649
2008
3229
6251
4450
9105
9340
3869
309
222
4986
8214
8006
8518
4420
4469
4888
3098
1342
3211
5238
1668
3209
7163
6415
7924
2090
1530
4491
2406
2495
2851
4001
3607
1471
64
540
5369
3199
1845
5144
3932
5890
6460
6537
2012
9631
3217
5019
6134
2426
4965
2675
8602
8973
7260
7166
96
2272
3839
1574
391
7361
5954
8279
9956
4860
6830
9667
6322
2119
8564
5818
1267
9831
2683
690
6239
5531
6800
7724
2756
3105
6668
7488
6368
7082
8624
5004
8063
8894
4969
7887
2084
696
1416
7878
8789
6709
6787
2445
2942
9471
9440
4628
7161
5861
644
2338
7483
8468
7681
4601
6351
3537
5034
7030
8269
3897
827
3201
8320
5246
6541
817
8919
857
2953
2340
9051
6181
7222
2456
3616
4026
3333
9389
7139
8641
401
1087
7472
7122
602
4887
4528
9071
2894
9089
2104
8850
6311
55
2841
4691
1155
2001
1823
4969
7146
1791
5795
5784
3449
4358
8222
7505
8853
2465
3777
4538
7641
3155
459
3190
3918
8688
9805
27
2164
6009
2124
2232
5641
4453
5048
5932
4301
3797
8781
3641
9464
6479
8227
1643
6800
9320
4453
8967
8053
4150
664
3895
9182
2305
5075
8346
1881
372
1969
9062
8943
1044
6466
5285
7571
937
7948
1397
1035
6596
4955
6130
8198
4674
338
4200
1301
533
1932
8686
6677
9861
2520
6368
1690
7577
7147
1902
8505
967
7338
4275
5756
421
1436
5534
6618
165
8100
9208
5596
3645
8765
9372
8780
6413
3085
708
1496
555
2017
2853
976
9904
3945
8083
2059
1284
3377
6785
4132
9851
3818
797
3411
594
746
2304
6912
3292
5864
6
7259
7951
7437
42
5063
8103
584
1089
2788
3727
5740
511
96
2389
9436
3099
1200
127
6629
3379
2948
2610
363
6805
5714
6493
8838
5330
2693
7622
6259
6012
8164
7770
7158
1052
1558
1722
5670
6040
1908
9992
7816
1664
3401
7382
7140
1670
5411
8529
7012
5360
9408
1369
9806
523
7353
8935
8708
3482
3594
6510
6496
5219
779
6330
626
6331
1576
2855
5703
4042
9846
2566
1167
4228
7989
8193
5114
8626
3578
4282
6325
608
4782
5634
1734
3123
1747
9717
3748
8859
2804
2753
6308
9039
7623
9378
3521
3330
3136
747
8711
3471
4307
428
7676
8183
6607
8663
3045
6680
5121
98
9002
3849
9130
3662
3467
297
796
7860
8345
4144
456
5610
1306
8124
8131
6545
7272
524
6970
7908
4153
2849
4118
9542
9916
5981
7172
2335
7414
9516
1433
8522
2340
7006
771
4285
6890
9576
1197
5427
8908
7938
5562
2958
4098
8849
7772
2593
1759
8765
8303
7976
8013
3422
9970
8847
8517
5632
7503
4513
6447
6491
4408
8428
8836
1317
7627
175
294
483
7437
2677
97
6960
4246
6391
6998
995
8380
8022
1640
2873
4703
1593
7171
7209
9351
9205
2746
6060
2663
6788
6663
5627
1070
5858
7528
6859
1929
1834
2931
7778
5870
123
6460
9024
1710
9402
3524
7685
5821
5345
720
4142
6992
5132
7004
4145
7662
6947
3847
581
867
7957
1425
5229
2671
1107
9480
7657
4560
4732
3146
8655
3997
4578
6636
8705
5849
2708
6597
6104
3505
430
4426
6936
2929
4284
9047
6197
7796
8569
1219
7997
7898
3360
21
4277
4003
3607
1317
7303
8996
1973
3966
1663
8442
1556
9327
373
9023
9293
8226
5325
8811
1414
2939
7916
5041
516
3815
9370
2478
1277
2669
2472
6449
2071
9115
5364
7891
4348
6785
1730
3835
3446
1358
6205
5993
8584
5945
9448
4929
5142
8159
4372
6051
9681
720
9113
4807
711
5155
4558
8678
8543
3047
5404
871
212
7774
4596
4396
538
6377
7821
3257
3074
5607
5435
7577
3779
3472
993
3932
4680
2006
4458
2348
3077
5196
5659
5053
6498
258
7299
2682
3942
7380
5398
6585
8593
3330
5512
3967
3481
6556
5108
9015
7319
6964
8186
6495
1705
2569
7282
8340
7256
9490
5871
7847
3548
6133
5495
1865
4222
7701
6065
5128
2650
6249
2711
8787
7220
2114
8756
560
6342
6120
780
7787
6153
8836
2145
8302
693
903
3917
2295
7359
461
8395
6012
3110
3564
2366
5077
9883
1509
894
9335
8389
3310
3257
1644
6754
8476
9550
7220
2689
1598
4058
6046
5847
5759
4931
5436
6768
1403
4877
9017
6895
7383
113
2016
8165
606
6026
8526
6135
22
7860
8598
5635
5594
2209
1980
5095
6380
1397
1222
2094
6501
9416
3294
4289
9043
9234
9480
2091
1900
4622
1210
4753
4283
128
73
5051
7737
6529
1497
2778
9513
5094
1330
6145
3202
3248
4634
1311
9739
1937
4939
4395
3658
3625
9737
9407
258
2459
9446
2688
3791
7869
6899
8109
4543
5094
4567
3540
6513
3092
4756
979
8971
9969
9747
9893
8067
9926
2422
3567
821
4560
7938
935
838
2854
9147
7806
5395
4077
5761
4764
7445
2069
9107
9828
318
6366
8322
9131
2116
4344
736
8969
8601
5308
8602
6652
764
3610
6486
1834
102
5334
1068
5469
4405
1727
8997
8326
4629
7643
7483
4991
1486
5007
5743
5729
6512
1424
5127
333
8261
9703
6177
8347
5941
2874
6324
6422
4941
5296
1488
8011
8622
3297
62
4552
4792
1797
9047
5855
3302
3646
1385
2815
363
4212
2844
2990
2784
254
6583
4511
372
3024
6535
4780
1463
1978
103
4575
5612
1923
5810
8263
7411
7483
3044
9178
8922
5821
71
7669
2608
5390
1212
9330
4526
7625
4644
6284
3949
78
5406
5393
286
179
5413
2280
6532
1875
3350
437
1686
9254
3791
9639
9218
1836
3764
8948
415
1569
6411
2758
54
9168
3550
1936
5398
2005
6354
9143
5694
6399
5072
5665
4220
7874
1895
3381
3840
7894
2932
306
2320
7601
7589
6340
5378
4776
6303
7866
4016
5447
1431
9884
2725
8604
9325
181
8751
3277
6472
9654
4183
5186
7933
9482
6011
1073
2881
2586
1897
1146
775
3578
376
6007
2944
6909
4607
8917
3751
5247
6288
8508
6906
8770
1302
4808
5552
830
5469
6065
255
5903
1215
8728
4565
5257
1584
8538
627
1341
9026
2947
3626
2030
7988
1416
5174
3300
421
1149
5326
496
9725
3872
3608
3736
6316
7970
5816
1949
9014
9898
3662
6490
1147
4138
4832
7217
9361
2352
5439
5434
9909
1331
8903
6371
2748
8158
1082
2994
7353
6866
5654
1615
3126
5856
5900
683
1614
244
2146
277
1968
5006
4943
747
8301
242
967
7395
6493
8164
573
2012
9628
8607
7716
9717
4782
4643
9166
541
8036
2188
8311
5723
3043
5986
1064
4766
1804
4386
4138
3087
4589
9556
1638
7171
3095
4227
6547
5704
1544
9695
1968
320
4279
6920
4260
7497
3628
4969
8057
127
4701
1829
704
3903
1079
8066
1440
9287
4392
5961
9225
5267
8929
36
1934
4108
7197
3081
5801
1660
3214
1754
348
3311
7236
6785
6567
2263
7090
8147
1951
1589
1057
6156
3357
5339
84
5224
5057
73
9994
7595
9905
737
4214
5601
1721
1905
8698
2286
9597
6131
4804
6127
7042
7453
9836
1314
6881
786
9818
5862
1346
9269
2360
7627
8880
4933
6702
2460
5566
4693
4876
692
453
4686
8250
4576
5834
2181
6840
9290
9863
2601
2533
4514
3332
6504
5794
3433
3333
5166
5008
9605
2004
8654
4390
5213
2062
6762
4948
3344
7705
1774
5473
4846
87
66
3758
9501
833
7121
3191
8539
9367
4572
5931
1073
8627
2536
6671
1184
8801
779
5151
4819
2100
92
962
4961
1960
6628
3869
5910
3864
5760
9892
614
8066
9565
543
9556
5085
6015
2265
8119
5954
7735
3118
9414
7656
5297
2892
3195
6459
5758
7291
1606
8624
182
1670
5786
3592
8701
1659
883
2089
7513
9820
4389
4603
1720
7797
8694
6262
1718
9859
5635
402
7637
4188
6751
4162
5684
8703
8106
56
7705
2951
9189
3499
7623
9607
3263
8285
9365
9510
391
8325
6820
6979
920
2539
4252
7511
2639
9354
4884
9699
4541
6581
9991
7190
5596
2295
533
2985
272
1349
1397
4101
849
7506
4835
6663
8583
3672
7777
1255
5793
9186
5281
1030
1905
3230
9524
8461
6299
1531
9897
8199
1399
1727
3157
7292
3329
7476
1767
8716
4073
3966
1819
4292
2518
7538
8898
2441
9712
100
8576
6112
7264
6826
4913
5
5879
5672
4814
1288
5170
538
319
1769
73
4041
8233
7963
3112
7336
7280
1146
5592
814
4270
2605
6308
9854
3887
8374
8528
5129
6962
9581
6359
7204
8403
2284
6561
4735
24
4013
5220
5361
9054
114
2958
3771
5380
4677
3310
3228
5723
1922
1217
948
1187
7816
3159
2229
1519
4325
8936
6341
7514
3238
9307
1394
3785
4234
2283
5697
8832
3085
9351
9855
2658
4222
2830
6554
4892
4010
8971
1559
8015
5166
7110
343
6384
7528
7383
8152
5332
202
8426
1618
6428
3921
9537
9604
4275
5795
2026
7470
1072
4688
5516
5851
9860
3195
4109
4499
727
2668
2913
9446
1555
9753
8673
8572
1559
2667
9034
7719
1943
3474
7055
2033
985
1639
934
8375
2014
306
1746
9897
3987
5918
9580
1308
6224
4114
1751
9139
4597
6024
3873
3889
8444
9520
8979
3788
9746
1344
9424
3036
6631
3518
2978
1673
3601
2745
9019
1667
8007
9325
7659
2101
4892
2746
2143
5712
4644
4583
6184
9419
5019
8735
937
9452
1999
7294
7917
2779
9390
5951
5401
2190
9738
7206
9324
7531
9278
2562
9717
108
3435
7061
7894
5575
5261
1342
1194
3940
6718
7056
8924
1598
6548
8381
813
6604
1118
4548
7498
7574
1656
5646
657
4845
942
1047
539
2721
3632
3140
7596
1735
44
8017
3524
3743
4023
7129
3038
4255
6426
1463
8702
3010
4526
9497
9449
7358
5266
8278
8602
6743
5101
9322
4585
1921
9831
3009
533
9546
3710
9224
305
8597
3795
4568
6519
1938
7909
8181
1569
7857
2714
6249
5568
464
2833
9074
2897
896
2431
1446
7455
2188
9394
7679
4434
3542
264
6210
2647
3433
672
1532
3234
7358
6949
7904
2926
3502
7303
2802
8676
7233
9219
7228
3691
3837
3548
9980
3874
9987
1473
370
839
7013
3636
8060
8872
7642
4200
8251
5976
1172
6744
597
3132
2463
526
1738
5725
4071
2221
8169
7488
5012
6492
9909
7114
6192
1416
3062
278
8431
7659
6243
5716
8053
1450
9726
9499
7221
4472
7094
4837
658
3867
2825
2853
8352
5141
2204
7560
2729
1437
2758
2256
2342
9070
4631
8225
6721
3095
7289
6260
177
876
9265
1129
7928
9791
696
9937
9059
12
1741
312
5826
2050
8897
3975
8618
5618
3374
8227
2512
2590
3339
1907
6283
3511
4434
4503
788
7728
6750
7069
97
8306
7403
1732
2225
2506
2528
5364
7600
6947
1227
3567
8527
9225
736
67
7500
3054
9133
3594
4302
7129
441
4313
5514
7445
9253
9777
8740
1511
9456
3936
3035
4991
8840
4318
739
8802
4965
7514
5335
6561
9539
3865
225
2712
427
7968
5201
1952
809
681
4432
6035
7743
4431
1106
8991
4114
3784
9282
1074
4572
9807
9831
5973
1201
710
3426
891
2469
6916
4087
6869
4222
741
7883
9571
2644
7935
6160
4845
3080
9369
5173
5490
6313
7013
0
5487
476
533
3029
6576
6238
9785
8706
3784
6404
478
3387
1365
5427
3227
5522
9592
566
3556
3874
6189
1027
9896
1254
7866
6605
741
4684
2108
5371
9929
9010
5155
5234
1057
3474
8926
1601
1037
8902
6516
624
1081
9551
5138
6689
8529
4336
1095
5835
1557
2979
6416
5902
8562
4175
1330
4497
2932
9536
7819
9149
6024
3107
6390
4685
1837
2913
1506
6473
2505
8208
3613
1048
6608
4462
9518
9113
3278
92
5823
1250
9304
482
1318
3856
7001
8786
3287
4398
8034
8956
767
1788
402
8651
1162
8391
985
8387
3600
1179
2103
9980
637
5567
7020
1812
2922
8739
678
9232
9792
2937
5887
1115
5940
981
9980
6662
5237
2509
3049
3478
7064
1478
6060
976
4903
9970
9145
1416
4668
1200
7034
8702
6769
84
2067
8542
560
1623
2557
8159
328
9510
9509
5415
1841
9910
8362
1734
9345
9335
6505
1481
5530
8596
9453
5958
7406
6935
6083
8276
3682
8492
5854
5291
2568
8883
6607
3032
2966
4608
8783
3247
20
9464
2813
5581
6410
4013
8323
2751
5667
6213
1630
739
1175
2649
4503
5225
3467
4169
7083
6001
3233
4380
6396
5230
6670
8132
7898
2419
8873
8548
9771
1778
1489
8946
3455
9085
3568
9197
4872
3518
2341
4866
1454
5991
831
199
3716
6044
2535
4068
3839
4312
7751
5073
2948
4681
7768
9696
2883
3838
2526
3758
5
6989
2921
9340
4786
9677
4146
8170
4468
7844
6578
6371
3459
6658
8624
594
3118
4693
6109
2268
222
4714
774
7950
7964
3947
8476
1636
5315
266
395
1179
6579
4468
2393
8231
935
201
2952
591
6768
2765
9374
217
8160
2473
3450
7562
3391
7115
6065
8676
8127
3583
8799
6973
2464
2000
9800
1641
1381
1643
8593
9286
3386
1124
6485
4958
4307
9897
3909
8961
642
2358
2395
1553
4098
2540
8577
6419
9408
7362
1563
7808
6847
9034
9133
3543
7473
3918
9910
496
3685
7947
4124
4804
3425
1272
702
7342
8990
8571
2675
2847
9659
8090
9828
7821
592
248
3186
2836
1230
6481
4095
8408
8593
5626
4638
7151
8491
383
6444
4922
6032
2514
1949
9036
7556
3875
3311
7199
448
6264
3784
814
7390
6811
5455
3600
774
261
6239
9128
4072
3010
7790
4149
8545
5524
8622
4767
842
2512
5723
2630
4947
2072
8270
9153
8537
3814
7345
3432
6782
2228
1499
4547
2104
8832
1161
7493
5858
7704
2892
1217
8821
3192
8872
9282
8617
3000
9820
2499
710
2339
5137
5350
2030
6306
2478
2880
4560
71
2582
2733
5458
2326
6801
3157
6588
4932
7582
1636
2753
5198
1708
5358
4894
1809
4374
7609
9221
5345
2633
9798
306
2302
903
4488
512
1122
6783
9208
9488
3333
524
6607
9606
6503
3338
9673
3976
4283
7098
4214
2004
1637
7239
2216
6365
7027
7061
8293
4290
5231
4604
5696
2501
1280
2042
7873
9197
783
8951
1133
5156
8499
1868
4198
457
1214
1841
7120
7032
165
9419
8977
5322
6174
7454
163
2075
5461
896
5130
658
3983
6568
4735
8390
6842
8872
9659
7140
6927
3904
4053
4471
9128
9782
1835
9592
5804
9784
5333
1345
3823
3131
773
3371
1339
3569
9979
6391
6449
9436
1773
3696
5544
6862
6943
7311
626
7993
3428
3738
4098
1774
6699
4799
3043
3503
3982
4852
922
6349
9074
9431
3718
6660
5119
5351
1890
7801
7840
5734
1479
2644
3605
2288
1799
2017
936
4877
9127
4924
2843
3305
6323
2375
9937
1016
2334
2734
3632
7066
4154
2484
3856
3142
510
3695
4975
1971
2348
9426
4051
768
2666
5376
624
7675
9628
2012
1180
9060
3537
3434
2958
3402
7318
8582
2789
1800
8143
1289
5182
1108
2532
539
7235
1191
343
8864
4650
7590
1540
7222
4460
1299
1300
10000
7117
2783
6187
4110
3228
3739
4027
7018
1930
8934
984
4543
9922
5840
8319
8398
2981
5566
9634
7729
3057
714
9576
6938
7028
7438
869
771
7002
9568
3363
6191
4400
871
2280
8795
6338
1299
9374
3517
7456
6123
6878
7139
5953
5035
2909
3721
1944
1224
7736
5855
1278
4385
8695
1325
2005
9355
547
4096
4013
5676
4637
2750
116
2113
242
4607
6130
8905
6978
9660
5184
3562
9955
8223
3619
1789
9338
2492
7389
2088
1233
8900
5199
7468
8142
5592
800
7436
2429
7968
6453
9769
8101
7576
5245
817
3305
778
7405
4864
3555
7636
4874
7512
6385
6152
8731
8982
7032
3034
6489
7997
2147
5797
9710
9896
5115
8781
340
606
5551
9984
8792
2740
2706
156
8553
5639
7327
6242
5028
5962
2331
3440
8642
5545
2063
4422
2841
7575
4780
1259
1086
8545
4491
4607
4067
2211
5413
4000
7125
2183
2746
4491
3517
8895
4030
2309
8985
3937
120
4838
1974
4962
6935
8687
7946
5483
7997
1580
4622
7040
4782
4824
6825
9500
7852
8535
3589
5387
3652
815
1530
8432
284
8844
99
8967
4408
7803
8378
9244
433
756
9429
6692
2394
1337
2599
5138
8615
6873
6373
1081
1956
3979
7539
9148
3164
7851
3455
5286
598
356
5608
4962
4458
2817
4655
6739
2850
495
1416
7322
1427
2540
9334
8998
5062
8919
4100
9541
8963
7086
8086
7578
1646
2420
9706
4045
8160
8209
5697
2588
3620
1400
8085
3138
3201
2575
1345
2809
6224
7809
4315
942
4360
2839
3044
6741
2430
4273
7522
6161
5753
8391
9380
2896
9451
6079
3182
8816
642
6627
2481
208
4348
8291
3470
8920
896
7293
8619
1143
2090
7673
5080
715
2156
5793
8103
6782
3995
3117
1226
3175
6157
1003
7921
3763
2447
6736
7244
7372
9618
6319
6080
4403
858
6890
722
1928
23
8956
1318
4762
3133
8363
9550
4891
1436
1461
3132
9799
3052
3996
2559
1533
9419
2844
3318
2179
2464
299
1361
6326
7610
5088
3744
3758
9715
6748
2039
9062
417
7079
8695
8060
3854
7607
1046
2738
4996
7764
9656
2665
8801
167
6265
1740
6551
7074
7065
639
4077
6471
553
817
5836
4258
503
9357
309
9559
1822
9449
2579
5554
3795
6215
7642
4061
9086
5754
2475
4269
1611
8267
691
1537
5949
9778
286
4258
8254
4926
92
623
5573
3585
8332
6530
3821
5357
9658
9610
6901
6646
1063
7357
2192
123
9907
7412
6543
5657
7274
2691
3418
7707
9948
7606
4440
2548
2659
8019
191
7417
2867
7037
8939
3078
5658
5937
2482
3514
9656
2067
2804
5341
3085
9973
9598
9501
4701
4552
521
7360
5386
8991
4556
5130
2351
9471
6126
8776
1628
7890
4338
4597
2124
637
9825
8080
2002
6897
2961
4881
7683
1217
2479
6979
3157
6863
9886
145
2860
794
9957
3927
3388
4414
2341
4955
647
2305
6299
2428
6676
3404
5611
6437
7860
457
4554
7809
1422
5686
6350
6229
5948
7197
6006
8253
4409
8287
991
5017
1650
2655
4118
7741
9084
5016
710
8194
6331
4174
9838
6570
2183
2855
9752
1308
2028
4539
5916
4696
183
5005
4954
3805
6803
5448
7354
7941
5655
5468
5206
9980
3335
7295
5483
1413
5182
5167
5588
6967
7328
3119
1339
3212
5946
700
6986
7866
4756
3286
8059
9709
2170
2488
7966
3660
9502
2002
3000
7160
6347
6194
7027
9673
2477
9590
6677
6036
2116
5074
8455
1606
3899
9245
3783
3065
1217
2810
7775
8047
9339
1238
4777
3577
4246
5363
4010
2559
4786
2534
7337
1221
8578
3107
1104
4622
1683
2593
5547
8112
4404
7398
6076
8735
6831
6666
492
2686
1586
7411
2947
1506
6242
5082
4866
8915
6956
2080
49
505
924
2310
37
6856
2812
1124
2831
423
4655
8530
9406
7185
969
5264
6505
9862
2191
7641
6480
6404
2601
7763
6550
5411
3863
1654
7742
3053
4064
3457
8494
9128
757
5026
8400
6903
1735
7120
1098
1267
4606
3136
998
9035
7353
1706
8308
5184
7736
6834
8014
5961
4133
9029
7823
4324
9297
9517
3494
2686
9699
4371
7352
2285
9925
5023
2761
9702
9185
4091
3175
4300
2831
9816
1028
5053
1242
1170
7310
6145
6959
1475
7949
9635
2313
7256
1491
2366
8512
8111
2803
7343
6697
7769
8113
3510
2258
5735
3998
5071
7104
327
4326
4272
7401
4932
9208
1170
3446
6135
7544
2520
4658
6108
9641
3057
2357
7580
182
9518
8829
3549
744
2112
8814
4145
227
5836
2555
532
35
2517
1386
2962
3614
579
5270
1804
9276
6496
4837
5515
8828
7834
3862
2235
8576
6156
4037
7051
234
5822
5292
3421
3328
3459
5471
188
4302
3168
7970
5502
9057
6115
8297
2960
7430
853
8511
3819
5418
1497
128
1752
753
7051
4200
8004
4220
1481
2566
6798
3223
7803
2550
7451
6737
4270
6049
7347
3963
9912
8882
8830
4983
7682
8754
7435
4537
504
4774
3614
4539
5579
4077
8343
2942
3674
579
6877
4198
9009
2519
9442
3696
3699
2752
8990
8836
5272
4269
5596
406
5615
8468
7425
3782
3557
3610
128
7826
3671
6307
567
8157
776
8393
3292
4675
5991
261
5598
9347
803
6019
8836
6856
742
339
1961
9909
7512
7739
9865
8197
2704
7456
7017
9440
2645
3413
1167
1003
1019
9432
8437
6594
7632
1850
3761
559
8849
5600
462
3686
7796
3004
7263
8700
7691
6374
7999
7760
2073
271
9673
2666
5093
3345
7156
4607
4468
1063
547
4182
7069
4103
1484
8104
1358
4536
8517
3919
8542
9515
7464
7990
996
3820
3210
418
6421
2055
8862
8139
3257
4088
8183
6044
6589
3251
9136
7257
1080
9375
5061
8947
5162
7695
3890
9824
2989
9078
2274
5893
9279
6404
6871
9920
1348
287
8268
2573
5704
4637
1329
4492
153
5655
7535
2881
1193
5964
3924
2473
9270
8002
1620
9215
1323
2402
4460
9481
6570
7840
1030
1946
3653
5475
7265
432
6207
1890
5551
4894
1690
4345
9465
8263
2299
4511
5076
2658
5740
203
1334
3718
1790
5479
204
9206
9936
6280
6220
4327
1242
3530
9680
3655
3988
2722
1380
4412
8431
8681
1856
6997
2003
1760
9097
2633
9349
9938
7690
2795
2204
6592
9487
5131
4443
2339
8858
9422
9253
1826
6884
6813
4017
8633
7418
8912
2531
2068
2847
1980
1996
3271
953
3403
5157
7445
1655
3039
8927
266
22
3286
7305
6009
9470
5228
1631
3427
3388
844
6020
6954
322
6297
3093
6937
7645
9104
9447
5615
1597
2804
9453
3545
54
1158
2854
1510
7540
7183
4447
2997
8297
9923
4706
9149
7622
9720
5451
5598
9505
3214
2065
143
4340
4241
6013
282
7410
1635
9780
7534
3270
8713
7589
7265
4159
914
2878
4121
1906
1538
3720
3328
2320
2414
5162
3143
4247
870
1042
7286
2645
9668
9878
3188
2435
5399
4147
5890
5849
6053
4024
2825
2893
5002
979
8045
7355
2224
5723
5437
768
4560
7303
4353
6838
6446
6210
4972
3857
333
9884
4982
5230
4630
9490
4329
4676
1547
2932
1144
4294
7035
4077
3126
5547
7602
6032
2213
9572
9560
3652
8660
3990
3514
9102
8202
6367
4534
3685
1706
6036
8249
1635
6675
6755
933
9013
3434
6338
1267
6392
8537
2068
833
3987
7814
4429
8299
3981
2674
7600
3539
682
2836
2073
598
1113
8221
1886
7530
6976
7899
4855
328
6665
2618
2925
5514
2086
6003
5225
6939
8887
3201
9884
8786
8712
4475
2677
892
1682
6490
1933
8931
8203
698
4757
7777
5944
8512
8611
136
6379
9634
6736
1951
4494
6063
2488
7002
6335
9921
5629
3216
1064
6032
9548
6456
6035
2741
4599
9880
5871
4058
3841
6820
2780
78
2838
7849
8184
4878
9689
1294
462
1883
936
5793
3285
7908
2489
2547
2719
8270
5011
612
7059
8136
2111
5208
551
1026
1463
6478
6237
8763
9366
786
570
4661
8927
9609
7774
8987
6502
461
3873
3330
7094
2573
5287
1825
2252
5587
5760
1742
8801
6413
1261
5186
7189
25
5319
2593
6871
8418
721
4486
4338
1622
9068
8881
8353
6370
5572
1612
5185
2164
6325
6704
1342
3262
115
438
9892
2846
6342
1816
4109
9978
5891
119
6477
1006
2199
3868
3405
5987
555
7518
4111
48
1367
7390
7286
2558
1835
2615
3996
3843
4126
5734
4944
3847
8026
1284
1267
9814
5808
9988
8881
8989
7121
8603
7248
3508
9076
1778
6575
880
6689
5150
1138
1417
9402
6589
2412
891
1470
6496
6420
4653
6843
4492
5934
7316
2698
5709
7565
1985
1774
9290
3404
6081
9710
1196
5248
9252
1631
1657
140
1354
2707
3130
7647
7783
230
4330
5509
1309
5532
846
2371
7594
1534
1769
6848
3093
1671
6067
9606
1082
2482
3196
7993
5043
6337
5749
4068
1491
7528
6864
7145
4060
2095
5024
3697
9797
8678
6585
5769
9253
6852
2280
4529
5128
4822
7480
7048
9826
9922
6580
5093
8515
1706
7354
4050
5552
6365
7421
4903
7856
8477
8274
5171
9039
2937
9395
2610
3434
8467
67
6189
2869
6205
9770
5748
289
6870
1707
9935
9892
344
5048
1475
8060
3205
799
1770
5230
5668
8465
2606
8062
5111
7906
5157
4538
2986
5707
2054
6593
2494
9871
3676
5608
4986
1546
2888
9044
6367
5766
8732
6327
8546
8763
6687
5001
8736
8745
7054
4261
9453
4061
3174
7924
1110
6492
6070
2001
7480
8714
2943
3206
3871
5712
7658
7038
2467
8123
3520
9678
2588
1924
4825
1860
7008
9097
6786
3083
7176
5258
7147
8399
1961
196
9324
8177
7755
9128
7186
923
5750
4924
5600
9162
6972
2594
2269
5092
215
5503
920
8071
8999
4708
5457
4615
3334
3607
4952
2231
1233
174
3792
3064
8137
7308
1329
9170
9181
9215
2571
9300
4251
8716
7282
7338
9875
1795
5967
4351
2724
6507
541
8330
2282
7506
2500
8218
7875
6650
1377
3464
738
5743
8027
9345
4034
7127
7668
9395
1518
4285
2195
2614
8679
3370
9508
8290
831
5073
5357
7852
6216
3935
6786
3285
8770
8540
7132
647
5957
2594
7065
8746
7904
9167
132
883
7786
2736
368
217
283
823
6130
3793
9600
3569
4285
6173
1729
4670
7860
4021
7609
4403
504
1512
6432
7342
3015
8141
9567
8062
5725
6307
3427
6816
4454
2019
2525
8679
9537
7428
8471
7844
7876
6433
5923
3776
9869
9864
6330
5326
5917
8134
5526
7311
7476
7900
2682
5753
4609
2076
4872
5428
7725
7364
2080
9533
7690
8046
329
3098
3105
6471
3253
234
1960
8296
8817
8173
2886
8281
9563
1404
8048
2486
2414
3172
4177
4666
4361
4690
7550
6833
6361
3699
1984
6981
6553
5731
8243
1171
6586
2541
397
3973
7052
5541
7093
6495
7788
414
8849
3517
1608
8323
1714
1221
419
802
47
7312
873
3452
9259
5004
8122
7721
3541
9642
747
4274
5874
852
3731
6220
6072
1866
9797
593
9419
3715
556
7898
1439
9208
4218
9509
9530
8719
774
476
5538
2256
7690
300
3509
6024
5646
1983
5691
2649
3317
6084
8839
9018
3291
1823
4384
4790
4577
1239
8329
7717
5111
2952
1351
8450
229
9731
3605
9485
6854
1300
8959
4900
149
388
2791
8597
9359
4209
9654
306
8238
2617
6999
7180
5778
256
2747
1121
1871
6962
5701
6702
3954
1097
3173
9914
3704
5068
617
6299
1528
1897
1121
3908
2297
9352
2989
2299
4966
798
7794
1048
877
4754
5009
3291
2669
5992
6526
3083
9964
8567
2257
2969
1962
4527
6293
1160
5188
4731
834
3652
6054
4008
5415
537
8699
6832
5530
4679
9062
540
9913
4015
7483
8678
811
6420
7796
6619
4274
5552
8498
5320
4802
6949
6595
6773
4172
8033
7774
7513
6229
8124
4483
5470
2051
2385
7749
7628
8373
5051
6455
9917
4986
7946
9710
8939
5284
7323
6197
3254
477
9445
8352
7992
1483
497
6985
8732
3159
6921
5728
5435
8527
382
6336
3882
6079
4290
3473
8075
4275
3877
889
6244
9008
9273
9978
2178
1608
5200
9052
9652
2780
9384
4966
1261
8836
8108
5560
8618
7593
2675
4513
3937
7155
5844
7718
4589
342
3424
4856
7085
2731
3727
5257
1167
2367
3006
4562
7695
130
4881
6902
8844
7090
5830
2518
1985
742
4639
8580
2008
3165
7667
7998
7527
726
3032
7360
9264
1785
9406
7873
8318
1447
6864
9001
9456
9193
7943
6413
9295
7324
355
9507
3170
8384
4110
984
2681
1249
5854
2750
7174
5418
8595
4637
5484
1849
2970
1421
3469
6475
7060
7930
7058
3211
1270
1342
8797
6555
9908
9729
7608
6653
8364
1210
2019
1681
3672
4011
9582
3608
2600
9403
5330
8232
5377
6974
7411
1808
7229
497
59
9062
3335
6708
1813
541
4654
4542
222
7849
1378
6398
1584
6801
9927
9446
7910
9205
5194
1974
3551
8807
637
4262
1605
7754
6618
3362
1563
8484
7321
284
3143
9409
2452
8641
5966
5458
7722
4727
4624
861
8636
4026
2458
8347
8021
8223
8246
3028
7240
5400
8301
3483
8368
6558
8068
8368
4468
3122
627
7759
7220
1680
7593
1489
6075
5763
1007
2918
7201
7159
3474
3599
471
3690
7897
2484
6675
3767
4711
46
844
3815
6134
2492
9715
6213
673
7480
9248
2397
1632
1578
3583
3407
220
7720
9170
4427
8530
3084
8778
8119
5234
2987
9084
6971
8900
8788
1778
8710
74
6998
6978
4017
3459
4935
5994
8399
7040
7393
6723
3086
5114
5287
8517
8308
2368
6498
3028
431
6188
3844
7508
4938
6688
7095
9633
1326
5451
1209
1190
1521
9874
9537
5055
2925
7516
7573
1623
8721
1425
1463
8332
1064
5322
25
7328
8777
4653
562
4226
4876
1325
5901
3535
1524
4869
7073
3375
918
6029
5740
869
6554
9432
9203
5193
7812
2504
1226
5978
4085
4884
6800
7074
1179
2401
7635
5784
9616
9060
7320
2488
4109
8457
4841
8589
9255
9182
8591
9722
833
1391
8912
6845
9545
7427
3433
9152
5141
4867
2936
9115
8410
9794
4791
9540
3521
7472
747
5654
4484
1153
3483
4798
2006
8913
207
7163
4987
4363
2039
7750
2322
4141
8208
1348
3598
3022
4441
5844
8718
2082
5636
316
9171
9712
4188
7198
740
1206
4772
7393
5212
9000
2089
877
3300
8483
2366
8073
1550
2128
9387
7103
6944
9367
5747
9045
7478
7461
9146
4444
7076
3020
2108
8897
2811
4988
7760
458
2296
8183
5951
4090
1163
9635
289
5493
2901
7804
5574
1736
6645
5587
1147
2020
5230
2567
2894
4334
4465
1233
8061
4755
5560
9562
1829
708
9057
2425
2181
1278
7612
2815
5321
5439
4042
8132
3963
1137
9380
6044
1460
5084
6438
7430
1026
483
1749
6506
1375
4269
6415
3418
8432
8883
9886
6419
4838
5841
1646
3351
491
8332
6538
3654
175
8627
8373
9714
227
9758
9415
6323
7506
8212
6765
4686
3629
5361
2485
4370
8262
6077
836
9806
3698
3046
4144
615
2519
6311
7246
3602
2991
5695
9246
4778
4818
8376
2528
800
24
8537
7752
2345
1202
7758
9295
7548
267
2029
1904
4211
1912
3476
8863
5149
895
3808
6468
3140
2377
7895
7224
5699
6290
9921
6376
5249
8351
5670
3492
4334
3051
9803
6993
2873
4111
4808
9319
839
9797
6891
9
8180
9980
9997
7353
4694
1587
9362
8200
5339
7995
8815
564
7567
7752
6692
1037
2257
7214
536
9440
6119
9545
9545
3660
204
1584
2924
4042
2656
1119
6100
4234
2782
5204
6076
8530
8134
3504
2262
9248
7670
9078
1989
981
1960
2304
903
8959
9674
8372
6574
2509
6115
1269
1931
2843
6254
7389
3322
3955
478
338
9480
3228
1030
431
642
9419
9458
8049
604
7709
3310
207
4199
9917
5482
1722
8446
7647
3360
5694
2109
4315
7489
8451
6597
1564
2156
7614
2844
7099
1965
8157
5440
5376
5129
521
3378
9178
2882
5405
590
8365
3523
318
1490
5457
433
7349
6558
4643
7838
9086
1036
5008
5297
2161
8817
5636
8263
9321
1257
9020
5932
3132
5287
8501
5761
7514
3315
3792
4746
3382
9855
7707
3269
4956
459
9172
5555
3144
2786
9024
3404
593
4589
6805
1293
6636
6325
5403
7766
9323
6954
1109
2306
5314
982
2580
6137
6672
4932
2644
8177
2053
1802
8524
4507
2164
2385
3009
3365
6250
517
183
2496
7960
3680
8330
7293
1792
14
523
4533
8063
5289
4323
586
5034
9304
9508
2603
7422
4092
345
4735
819
7054
96
779
8477
8601
4998
4771
3424
6114
3554
6471
3747
4597
3550
4056
7600
3837
164
362
8189
2249
6657
9941
4375
7718
7051
6574
6184
8097
2058
2245
5567
4001
7673
8717
9753
2882
4611
6606
7167
1482
537
2312
9317
6764
8373
3333
2929
5977
3314
3771
5356
1429
8469
5307
2473
1689
352
4156
6828
8791
9699
6589
9642
3821
781
4861
5992
9800
3622
6208
7454
2155
6302
2046
5948
6727
7495
1561
7288
1391
9700
1254
6624
6881
1348
3369
2297
5965
5541
1807
7764
3190
7960
4252
6010
9102
3088
2242
584
3849
9263
9049
8050
6719
302
5766
2530
3654
3121
1974
9020
2140
3811
2291
645
5314
4526
4606
4012
448
8074
7282
9305
3876
3490
1390
6461
3128
3211
4513
8599
3969
7483
3289
8107
7625
8818
805
1230
4438
4242
5545
6314
3504
1899
3290
3684
2827
3018
2081
3359
8146
7252
3785
6701
8963
1790
8400
9021
1977
5675
7727
9560
9055
4276
6002
2936
930
36
1832
366
8641
4256
1950
4339
7473
5994
7855
134
6559
9387
7068
9188
9589
9746
5557
7631
414
7077
2855
8997
3866
9153
9471
8286
7771
8095
799
7052
9617
566
4456
74
4198
7283
2778
9651
1062
306
1537
5554
9867
4563
2833
152
7232
3238
8990
1513
3913
8981
5637
5261
5897
2986
8331
3472
4268
6604
8579
7736
3080
7458
2407
3807
9781
892
3747
3787
5705
3900
8940
2673
4619
5273
6031
5630
9360
3472
1143
7649
1214
9939
4491
4221
8715
704
3006
3535
4048
7528
5372
9104
579
9458
1370
3553
7738
2293
3068
5262
5552
3698
4289
1683
4189
6472
8679
8659
8101
2424
4740
5144
6516
5780
2799
7976
8316
6657
3335
2444
6484
3406
4520
7507
9043
3165
6455
1461
6520
5435
4112
5515
6673
7229
8812
993
1995
7525
497
3078
7995
1812
6812
952
3162
7483
9590
9425
7473
8558
1994
4943
3448
6239
1707
4939
4311
1242
6826
9451
1395
8600
3028
166
2986
7937
316
1937
8022
8356
3464
8526
2982
7280
4682
8254
9077
696
527
7327
3458
1266
6090
5345
6551
9002
3276
6859
7356
8468
8595
8885
6448
3568
8885
3302
1556
6369
4129
2825
8231
5823
609
246
8630
1433
3851
9049
6740
7566
7007
1151
9524
3456
5250
8939
3548
6910
5284
3755
7533
5822
5875
3093
1266
7589
8966
9839
7372
6390
9066
9327
7636
5017
2012
3000
1650
8757
4106
51
6437
3476
2807
9731
4222
2390
1383
4463
8906
4583
2081
5014
5482
5696
3966
1878
1217
9240
8952
4709
5490
8618
665
4118
4672
2504
8049
3236
7942
5241
5895
3913
1236
8218
1336
5159
2096
4198
3298
7657
7093
9941
4853
5049
8307
6343
4270
1596
9929
195
607
9235
2402
5988
9234
4392
403
2195
6124
708
2654
772
4838
8268
9542
6519
7762
9778
9311
8918
6474
2412
6660
1126
2656
1745
9305
6877
4111
4786
1914
3771
9555
8879
5755
4111
1613
6284
8892
680
5491
8872
6750
5375
5212
1108
9948
8260
570
7789
951
3995
889
6624
2148
9200
5357
7176
640
7660
8182
3095
6734
221
8325
4594
6768
4540
1120
8897
9955
8156
9421
5545
6831
5134
8508
176
6101
4872
7002
683
3894
7533
5230
7878
6830
8994
9098
5054
9287
8443
5562
4863
6077
9230
1362
655
4609
4432
7831
1371
1488
1509
6524
1909
180
1960
9858
4891
3357
5856
7474
6834
3135
5383
6301
2674
9394
8231
9078
3429
7218
7898
5947
1975
7461
9874
5174
8148
8979
3807
1393
6318
8465
1541
2037
6731
3587
2657
9392
6239
8821
4460
4712
2953
7200
3068
6301
5903
8918
5212
4747
8907
7023
6423
3238
5645
3515
8306
2866
3252
8863
3328
5534
7086
8509
1931
8403
5138
1567
2692
5720
2584
1292
1857
7919
7928
4725
9521
5422
7413
5324
2761
2922
3700
2088
4936
3565
1802
896
7049
3517
4653
5837
6753
1361
588
3318
7054
8366
347
2868
1735
2675
3033
6463
693
3930
5412
2260
795
7061
7116
391
2436
4143
310
8185
4318
5991
2659
5075
416
4370
6069
8006
9567
4989
5955
2298
238
7515
8065
9227
4362
2927
5137
6248
6619
2174
8265
6856
6881
927
970
2545
6653
141
4704
7346
9301
1261
5227
9320
3358
106
8193
3875
5306
6179
2635
8139
5839
8237
6536
2999
4316
8463
815
2310
5083
2608
6174
7268
7481
2207
983
8781
8835
170
5250
3786
5811
9047
846
5978
4367
8293
6801
1302
1010
5166
6127
5706
3968
7038
6580
5253
3078
835
8985
3382
8162
5069
8856
3862
5935
6857
8763
1220
974
2511
8675
3299
9896
1635
8548
110
2243
6495
9115
6903
1305
8287
8429
5774
3373
5995
3318
8801
6533
5621
2303
5109
3498
3137
465
6815
8098
1393
450
4375
3346
9886
2471
6214
8172
8238
6838
8425
2916
4325
727
8767
6013
4082
3796
4047
9003
7702
823
9919
2177
1695
583
1211
5772
4149
6884
7616
9388
3491
110
3529
4109
4498
61
5149
8915
6528
463
7457
9526
6467
9311
5552
5776
8093
4959
9642
4589
1076
6438
6222
1418
1903
1620
5636
3250
5586
1290
6944
8689
3556
9033
2395
5825
8671
5335
7964
8004
331
4165
294
6914
3407
5406
6117
2411
4370
1617
849
239
5247
2958
8665
8679
9722
2447
921
5716
3124
1595
1039
6565
8373
9873
6213
1837
2125
6273
8316
5262
1941
6996
3580
8139
9191
4889
3922
3641
6322
5398
7428
6971
146
6977
3801
4335
6232
3721
1301
3643
5161
5505
5253
2166
6712
6676
4641
3978
6171
4240
5467
2906
6508
8259
307
8418
4764
5937
2372
503
6791
150
1529
5187
7034
1386
227
7800
8695
264
3629
4973
8561
2972
4669
9244
7274
4609
5009
691
7513
8009
3778
7844
444
5160
7868
996
6642
7346
249
9527
7587
4832
5872
350
1114
3710
5011
6892
7054
5905
6351
1688
5178
7279
1500
4300
9046
246
6014
8722
8484
5339
7557
1819
6149
3440
1256
8467
1495
5318
6110
1396
504
3795
9532
2589
5079
4637
4342
5702
8918
9311
6232
2559
4779
5600
2413
1377
4565
4157
5635
9475
9585
9411
3007
675
1141
5692
671
5283
733
3575
9385
1385
3416
7787
231
1275
7902
1163
537
1818
6567
6670
7011
2721
4270
1556
8883
805
5971
3364
4858
2090
6181
550
5078
5050
932
1508
4631
4120
4676
3758
4903
3733
3620
9947
8069
9113
5990
1289
3990
663
3029
705
4527
8530
1984
1153
5707
5630
5108
154
7557
5487
6193
4126
6355
4059
4112
5022
2097
2481
8854
2912
2040
7050
9895
4691
405
5637
3404
8060
6639
1842
123
8252
1168
6805
373
1602
5700
7368
8141
3338
7068
1560
1094
8758
7085
1048
7136
2781
403
839
6881
7885
9948
1207
9284
6677
5779
385
8287
7787
4321
9833
4802
8035
5955
672
6598
2150
9151
4327
4030
6441
6301
7899
5786
8811
5832
8121
4447
3848
2477
6007
9102
4005
5620
3159
584
5468
6882
5243
4265
4902
9692
8537
9493
9476
9059
4339
6337
5863
5244
8193
9869
3144
1677
9140
7103
4099
5387
1023
2596
7102
3990
381
2314
5443
5660
518
4219
1511
4805
3645
9855
6691
3576
863
3118
622
4082
733
86
3780
2974
1977
6783
4460
4639
2903
3414
2815
4753
5410
7865
9369
3817
1246
3281
8911
7075
862
7705
1945
3835
8458
1966
9266
9394
3258
3411
6530
6390
5713
9926
2731
9619
1131
9029
5882
3090
7350
8741
2792
1552
8640
7587
5117
8586
6370
4869
6443
3465
6809
4247
7928
2948
795
4032
8604
3631
1884
7926
7593
552
6048
6358
6454
9382
5648
1985
6356
4185
7233
5777
577
2085
8148
1046
6247
5534
1805
1376
567
4709
2553
9108
498
1284
3637
3214
4475
9579
9260
3484
5499
3243
7407
8408
7781
4108
8063
171
3180
2738
9656
8596
278
687
7847
8056
1668
8273
1453
1587
8704
4269
3711
6914
767
4983
50
4263
3121
1341
6299
4932
5264
4272
2296
1400
416
5194
1085
7509
2894
4930
2353
7831
7556
9826
4001
7460
4815
3629
5870
372
276
3535
9275
3960
8079
2463
7118
2213
8092
9162
8479
812
8930
3826
3433
1347
8061
6686
3229
7478
3292
3564
8294
4132
723
7608
1756
4370
7457
4438
9154
4429
8915
5724
5752
8595
5602
4442
6237
6444
6271
2148
237
1008
9246
9309
8930
2058
8297
9101
1250
5131
4302
3251
1072
9342
7078
846
8998
6434
2089
2215
8649
3916
740
864
9714
3369
1432
1532
3287
2282
5357
790
3422
2111
3818
8027
5809
4705
1402
8662
8623
4553
3833
9631
607
4535
6416
2296
2347
4655
1588
1786
4520
2044
4981
3442
9184
3908
9470
2935
2635
7655
733
8790
1163
6212
5791
4849
2787
2576
893
6208
708
1386
4087
6631
5614
769
7228
3872
9228
3409
7861
7472
3634
9555
6105
630
6990
7106
249
2579
5899
2168
2019
6006
6336
982
8756
8952
5367
1328
5520
152
8099
342
9065
3581
6628
4766
3744
8097
3751
9305
665
580
1383
2831
2146
3992
3653
3139
1327
116
3787
7619
4882
9319
5157
4838
9382
2296
7802
8295
1383
9100
9778
1210
6261
8264
8717
5409
8595
8872
5456
3325
290
3091
1115
2789
7646
5225
7929
772
528
3163
6024
4752
9234
7833
1694
6161
5443
2838
4062
3268
512
4236
5180
6016
7191
1901
2940
1788
336
8488
1528
5400
7426
7514
6357
408
3731
6754
2113
3528
6752
9156
1489
4405
2401
4632
9441
9456
4523
1802
5707
6412
1807
9309
8452
7144
3499
1263
5212
2506
3525
9056
7783
1451
1502
5402
5602
2789
6905
4964
9102
6519
9091
2412
848
7651
1474
8550
5776
8362
6427
8709
9826
4435
355
550
6849
6791
9760
1210
6989
8722
2163
1597
8867
7163
350
4109
825
4826
5741
1053
1411
7730
3334
7628
5522
3459
5847
2383
8863
3216
1535
9603
6001
6472
2075
4216
7286
9061
9935
6568
8211
9151
7569
8847
8801
6681
3852
3392
3767
8427
2861
2459
2437
1759
6032
2448
8427
157
6817
9789
8207
5399
5732
5679
7343
8210
6819
319
8322
8390
7488
5646
4051
4449
9431
5505
352
7298
4380
7085
899
8422
2511
2924
6351
8074
3378
9886
5424
8176
9884
6557
7577
9278
8953
8164
9647
4332
9830
2602
4438
1499
2213
5095
5871
2342
1754
4863
2769
345
3217
8132
4828
2543
9764
4038
687
5460
7733
9431
8508
1488
8287
7006
5907
1008
7376
6207
440
7955
21
6212
7068
4540
9325
7092
333
3089
7655
957
6064
4033
5683
2087
2421
2194
3405
1479
5676
7593
8198
3615
5070
2258
7976
6585
3794
850
1075
6531
17
2266
9941
2754
796
6462
2051
3907
9811
2185
335
62
9057
8599
9515
3043
4488
6865
3572
5081
2360
4379
9323
2217
60
7128
3487
1000
7578
6255
3553
3078
8858
7279
6924
8381
6284
5549
7718
891
9248
9842
4794
3117
6236
1481
9801
2278
885
125
9124
1170
4061
2005
4420
4612
4310
8253
8387
5755
5434
332
8080
4517
577
7698
7036
8409
89
8051
6122
3121
5851
4902
4189
1767
4679
6747
2804
5717
4158
6245
7851
7852
9824
970
1808
8079
8246
121
8449
853
4699
2244
3151
5434
4527
4199
3347
4797
1611
3175
3518
8956
203
1784
3502
540
4654
8241
3129
1547
2831
9007
3547
4793
4707
7203
5803
846
3330
2562
9395
7838
9083
5749
6023
1434
6662
5553
9828
1846
3094
7523
3576
6494
6210
4519
9985
7674
3678
6680
5691
4328
3321
9574
3179
4597
9743
5200
7619
379
2957
7812
2237
2216
1180
8965
849
1831
8930
6331
3249
5675
5083
789
7106
9051
505
2621
2284
773
5410
8277
972
5306
8997
555
6564
1819
8241
7850
1796
2622
7370
29
6035
5165
340
502
1055
7717
5734
6860
8271
8361
5088
7495
3126
2607
3724
815
8605
321
7591
8020
6941
3070
5493
5027
8403
3439
8085
9334
5787
5180
4547
2452
2638
5474
9044
2535
7271
6167
7171
224
9325
6121
9245
9291
5488
9647
4484
2059
7987
8350
39
6185
9695
9698
3185
7980
9614
1083
5381
4288
327
5850
7359
9455
8833
3785
5476
4131
5490
8702
9856
526
2020
6792
5811
9712
7172
4374
7529
6731
8852
9673
4302
2831
7725
1701
5332
3200
3762
4526
9992
2603
2745
1562
8335
5762
5562
685
1204
8213
996
3688
9263
9734
1631
7606
5170
4665
587
2511
76
1300
6473
5171
7886
6343
6988
9548
2021
7789
2348
5121
9159
583
3674
433
6674
9734
1369
4138
303
2048
9952
6011
2664
1386
5379
3285
9710
6729
6439
9802
7732
2018
518
1077
9858
2780
1531
7520
1291
3818
8065
8926
7709
1728
4217
8627
5220
8877
877
4028
3532
812
9193
2708
9935
8912
4850
4311
8869
7595
2170
6378
6996
6948
2532
7522
6345
836
3263
2262
5973
7920
7112
379
4195
3068
4788
7332
2450
2733
2100
7978
6220
3955
8770
845
4915
3947
1858
4729
3859
8759
8484
1168
4075
941
9666
6294
5803
1038
2665
1744
5022
6204
8223
9553
2856
1496
4961
8301
9686
8658
708
2509
4793
316
3248
5673
9240
9432
9557
6841
5742
5822
566
8685
7460
2226
5342
4360
7488
483
1275
1019
4534
2702
8209
8060
318
9073
7798
6043
6184
8622
9469
2674
3230
6581
7837
6340
8572
157
9337
650
1986
5156
7838
4128
7107
6224
8658
1404
2552
1723
2182
5586
4778
3657
9298
7423
2580
6797
1226
9670
3976
2087
2197
2826
229
9306
5704
47
4856
2252
9029
9517
4003
3900
735
6364
8142
6641
5029
7434
1564
7830
1086
4930
3712
5438
5856
1029
2805
2114
1717
4751
8965
8716
5981
4051
6837
7948
2687
1912
9825
5815
8357
5576
7678
8706
5885
5519
4032
9754
8882
324
7249
6194
2642
5941
2324
5860
1792
2288
6176
1499
3226
7815
5686
6916
9278
8776
1534
7290
9494
9193
2075
1022
4981
3708
2866
8805
8522
8052
6925
2481
721
8102
647
3973
3915
9469
1985
4271
4025
4767
6259
7455
1418
7511
2389
9143
1511
7662
5672
2009
2982
455
6996
9288
1380
4863
6411
940
2995
6874
7640
4388
2734
3686
7039
4864
5118
6824
1686
8031
9690
1045
9022
7053
2650
5509
4139
1357
2760
119
3830
4727
1630
5587
812
5633
9335
2620
3926
7960
6371
7390
1233
576
9229
7634
6529
7742
7034
3041
4606
6335
6378
9430
4689
3321
9338
8849
3268
6733
7995
5911
3824
261
5543
6454
4132
9922
9890
6922
7780
5551
6173
2892
7593
6462
6802
5035
714
2986
4442
2410
5665
5553
3522
9263
5363
8151
790
5518
2493
4311
5075
1527
3121
623
7587
8278
4614
3446
3074
1779
7738