1000
145
559
853
82
200
34
68
204
396
53
214
563
846
317
728
892
663
230
963
263
890
460
364
76
744
768
713
655
438
999
998
15
46
593
509
256
181
217
76
525
952
610
246
937
927
886
849
892
716
115
92
321
35
293
81
85
876
415
435
144
904
11
827
679
476
464
847
875
112
303
303
636
383
967
576
461
526
524
749
464
105
74
263
872
476
821
898
222
36
936
31
873
300
960
253
846
935
645
218
963
1000
556
49
440
566
306
188
357
675
712
234
244
486
807
652
44
838
990
608
351
975
711
291
252
862
959
334
406
207
216
854
837
109
342
387
644
652
658
680
583
224
815
982
812
369
638
31
310
864
307
460
162
495
367
824
957
285
88
167
478
458
729
845
755
299
696
874
635
880
869
775
160
467
209
643
23
727
962
821
706
798
843
108
100
276
526
711
413
345
106
503
586
565
247
352
989
224
132
531
373
828
833
177
419
882
732
734
86
937
420
745
377
865
71
678
858
305
184
155
401
142
391
850
356
607
367
152
413
222
555
691
49
956
41
412
666
134
665
166
407
987
541
769
358
669
776
46
184
214
142
250
116
862
517
621
778
786
430
854
41
143
853
618
892
990
411
646
607
89
12
221
246
963
391
2
718
183
796
573
628
185
290
437
836
137
5
639
468
420
239
296
368
755
850
498
333
815
831
973
905
596
49
74
542
59
250
290
150
313
616
305
171
191
716
883
504
912
832
918
195
110
145
438
398
180
298
697
165
692
97
118
514
872
64
5
86
423
674
184
867
339
56
661
769
548
57
25
368
55
619
965
786
840
537
375
184
656
565
629
591
431
880
481
38
684
801
673
256
457
314
643
120
756
867
921
854
991
256
270
421
641
311
832
405
924
931
548
688
537
32
569
813
686
579
269
344
357
744
865
625
637
681
476
158
749
924
572
370
292
532
723
181
111
358
429
299
844
786
836
175
240
951
245
74
361
935
287
241
754
351
926
32
487
346
562
396
499
40
5
933
23
623
343
85
711
979
525
677
27
711
89
350
792
398
700
341
892
680
925
200
576
652
547
373
876
321
499
256
474
393
245
730
585
7
791
61
549
16
971
414
737
256
862
419
69
43
916
362
763
895
63
670
50
503
939
546
593
437
58
162
53
588
900
769
972
694
55
328
453
480
564
661
21
598
483
815
547
552
683
247
489
174
226
497
458
933
152
19
332
896
316
33
373
206
240
210
799
406
720
341
740
385
457
14
5
561
287
393
772
984
290
881
349
834
720
753
650
662
863
567
582
91
176
186
503
925
541
118
647
172
427
402
550
182
295
869
895
630
702
293
154
163
620
721
520
515
452
654
982
456
553
188
400
288
264
900
782
700
670
925
979
986
205
671
719
989
882
2
829
822
511
166
750
77
640
736
655
285
155
614
529
491
934
217
811
25
81
680
255
478
947
479
117
125
914
437
400
214
78
528
415
264
309
277
873
904
273
899
119
834
179
301
29
843
973
484
806
347
79
172
92
111
905
711
227
359
602
289
49
33
937
317
711
526
224
421
170
891
11
262
556
572
956
574
768
445
876
425
834
699
281
496
681
565
704
88
279
777
646
437
410
726
138
592
155
776
811
255
643
497
90
456
923
753
578
243
776
775
394
900
620
487
245
122
909
264
344
881
997
211
44
170
617
318
400
297
229
71
856
785
747
770
355
395
743
941
735
62
183
139
30
555
739
746
961
395
922
759
131
565
615
437
755
566
547
527
203
851
999
959
268
606
522
187
606
517
52
366
401
561
369
990
512
18
527
650
763
926
791
449
105
831
833
632
322
585
216
865
304
236
21
921
752
920
474
366
655
139
177
524
940
723
483
137
685
47
821
117
504
984
730
304
101
511
664
294
527
971
308
439
378
17
915
378
228
249
109
427
570
979
730
879
917
268
615
771
327
777
512
459
384
911
493
293
192
427
710
164
773
200
417
109
645
85
619
724
561
893
593
276
566
835
176
976
144
575
68
237
750
992
447
308
71
922
830
907
71
531
142
944
753
468
334
549
51
874
477
449
471
529
588
412
202
943
594
914
6
662
641
735
216
756
387
810
749
537
852
912
747
807
353
407
64
171
282
584
30
190
707
102
661
450
112
626
109
589
25
412
780
121
660
291
132
983
287
22
414
661
243
285
362
379
967
43
608
992
635
173
514
649
936
690
560
317
427
630
898
572
293
476
193
294
77
528
423
846
261
156
423
862
896
624
821
707
719
100
570
616
437
151
984
471
778
911
140
875
910
780
330
994