500
387
500
352
251
114
45
264
140
115
363
41
105
202
137
189
483
500
199
222
414
255
102
191
189
355
7
427
148
202
377
452
248
13
323
302
129
54
16
482
300
369
70
2
163
242
311
176
457
82
71
92
201
138
222
453
305
459
217
83
294
383
125
93
7
114
422
3
13
14
138
416
88
228
354
111
11
423
107
484
240
165
443
24
374
205
219
275
217
361
295
59
145
409
107
407
221
122
444
267
482
381
407
250
451
132
145
434
320
268
353
196
314
147
140
285
143
252
488
260
125
298
420
59
98
138
440
127
330
93
482
103
384
408
102
336
382
102
1
309
17
16
457
86
255
71
62
451
341
37
482
319
499
394
471
282
490
149
285
132
377
89
60
44
168
16
68
466
408
430
412
450
33
285
474
236
88
474
139
341
438
405
48
74
127
112
226
146
133
453
411
182
373
426
333
361
60
192
32
306
103
138
38
476
327
50
290
309
498
316
53
140
150
180
80
141
53
42
489
12
68
182
210
268
484
86
87
322
439
478
128
282
315
218
48
135
466
437
238
280
90
9
249
480
115
26
227
144
254
326
137
52
256
111
498
284
236
478
335
236
376
420
334
460
44
63
425
100
294
21
372
23
286
283
104
347
318
420
416
442
138
452
74
207
175
216
50
57
453
384
256
194
191
121
246
328
255
451
113
78
348
35
5
298
500
297
342
191
306
407
199
260
186
361
413
469
296
124
225
131
201
400
35
66
160
80
28
71
300
59
17
43
133
132
46
297
63
377
304
259
79
459
214
4
473
32
407
344
147
112
63
308
59
344
435
223
32
138
167
384
364
384
315
221
346
235
228
459
85
414
475
286
480
475
94
472
444
4
55
195
325
117
73
220
103
416
292
269
448
415
198
98
374
332
16
34
244
145
429
115
323
451
460
68
125
140
444
17
409
398
277
436
276
485
173
385
40
457
409
141
294
68
48
456
406
195
439
488
224
445
1
38
31
49
120
387
210
147
155
8
117
482
188
272
267
484
323
270
124
361
378
181
327
450
289
454
112
388
173
363
215
2
3
303
245
97
212
249
399
454
15
89
270
239
103
387
272
300
360
237
153
477
132
265
70
19
366
103
32
352
190
300
388
261
50
324
208
288
459
223
293