5000
2958
1555
4990
1874
869
1514
1812
3530
1637
2595
2561
1786
1720
1196
3656
2093
1458
4770
1602
1346
1069
4575
2274
2413
3399
3684
3854
2609
2981
858
3131
2999
2804
4250
3702
1609
4556
558
3099
387
2352
4706
2798
3871
4905
3415
4421
2020
4147
16
889
3960
2217
2832
2852
881
399
248
614
886
232
2612
868
821
1058
4670
3333
4669
2285
1001
3434
546
1338
2816
3390
2979
2984
3067
4452
1358
1494
266
3662
1214
3398
1425
198
2465
2299
4073
2401
2475
1989
160
759
2397
2038
2562
919
788
1926
32
874
3987
2924
1826
2546
3803
3400
4539
1878
4662
3622
1273
4306
3758
1698
1220
4210
1195
339
4236
869
4736
1257
4166
185
2231
415
4104
1682
3850
28
1373
2141
1125
925
208
1026
2366
3339
786
651
1455
4160
1884
608
293
3698
1717
1073
4913
4344
2951
3801
3865
785
3228
8
3936
1917
4907
4068
3545
2712
1709
3360
1781
3731
4740
3493
2885
3815
2628
4833
1830
2373
4089
1489
1595
1843
349
3097
4337
1516
737
308
1883
483
648
1463
2159
62
3588
3827
2690
756
1409
2897
4604
2293
3527
2527
2350
2497
2015
4546
1148
1216
16
100
3515
1806
4649
941
3855
1688
3744
606
2111
4433
3799
542
621
3316
530
3318
4782
2879
2085
1759
3806
2115
4918
601
4016
529
1703
4576
1985
4910
1706
856
4522
3643
297
4276
2833
244
4513
3391
1633
2655
1003
655
2466
2787
1216
2856
3425
3023
3631
3276
4335
4839
2525
377
904
4688
432
4111
975
3184
1606
4898
3848
694
2183
4100
785
3077
382
2855
1064
2345
3927
2412
3010
3551
3095
3989
2595
1467
3059
2326
3536
815
218
807
521
1744
1766
4930
4130
1256
1552
145
349
1929
2681
3502
1014
1767
1443
1451
4472
1892
3285
1538
3452
2206
1026
2398
902
2247
1419
228
4204
3641
1891
4790
4837
108
4438
2544
2056
2014
1085
4598
3345
4345
20
2856
2177
2869
2333
2301
915
4013
1512
3250
1925
2956
1251
3463
1958
2106
3135
4169
4823
3103
2493
4508
741
2780
3505
1406
1679
188
1343
2950
1606
438
4803
1602
150
3227
3021
1053
1111
4084
4993
4547
1376
2991
4182
3674
3009
1471
2146
1753
323
1580
718
1645
3179
3473
1188
418
4158
1787
50
4429
4055
3443
2172
1715
4778
3101
4654
1101
2920
2029
1465
2829
3142
2219
3431
459
3801
514
3157
4031
976
4363
4879
356
659
3516
2922
1193
4842
3571
1799
932
3051
1480
2275
1888
494
284
1494
2417
1182
2345
2532
1478
1539
1519
662
3959
2719
3720
2535
2040
1988
3075
3981
3550
4164
4162
2022
1075
68
3476
2436
1252
4677
1079
1246
37
3085
1662
3745
333
334
3392
4810
4347
4059
4055
1883
2929
4900
3525
2580
2624
2214
3657
2734
2907
2132
1720
2470
1112
2591
3266
480
2728
745
3613
4112
4764
2292
1181
590
1872
4967
214
3443
2503
2904
478
4666
3333
175
2567
4762
846
1683
251
2453
964
4173
3161
1785
2476
34
4035
436
760
4297
1792
4630
1811
4384
69
4388
1432
3171
4008
2992
1185
2262
2412
4399
2169
2889
2966
3691
816
4670
2549
2754
3362
4957
4290
1463
2799
2045
3947
2337
4290
270
1164
2135
4608
2362
943
32
4606
4329
1144
3481
1827
1625
3386
305
4850
33
1292
1608
1539
1996
2751
4454
1018
1519
2102
932
2919
1806
69
2002
4244
16
1770
375
2782
2874
4212
3153
2553
2020
1864
183
1518
2780
579
342
2743
3519
2099
3875
4602
2307
5
3827
1885
4352
2300
357
2097
2457
1468
1855
1614
2091
3263
2624
1308
3786
2299
466
2281
3396
2039
97
2594
3214
3321
2944
3998
1949
175
2971
4650
4823
280
4187
3991
3272
1026
3247
2406
186
255
3574
3310
3801
2550
2466
3450
3608
29
3759
4707
125
4166
4710
2169
2082
3361
3126
34
4260
2846
2717
3482
1909
3397
393
2458
857
200
3186
1379
2971
4832
204
209
3468
3257
2653
1720
4260
2325
3147
2599
6
2800
1860
959
2418
1778
381
2575
1675
1287
1702
1762
3364
4315
703
1495
3013
457
2694
4714
3505
1368
1242
1053
4929
1983
4282
2516
4712
4323
4073
4092
4594
2642
669
462
1438
617
1533
2337
3024
893
2211
2292
3519
578
1012
4176
3959
4228
1822
3666
2330
3272
698
1696
1298
3075
4090
3590
2851
25
196
2861
1681
470
2530
2908
3036
567
3302
676
4236
3956
3213
3860
2945
3848
657
1404
3618
2698
357
780
665
1844
977
3336
752
1306
4659
3912
4746
1301
2505
4487
3194
2049
4563
2132
2208
3812
3492
2071
3081
476
1260
632
3023
4609
862
2853
765
3224
4922
1329
1672
1170
1821
4500
4490
4349
2675
3722
3576
771
2624
4407
1715
2126
4013
1444
3590
4342
2695
4475
2227
3214
1490
1800
1696
2257
628
2631
3236
2155
303
1382
3067
4158
1371
2826
1786
4686
2078
3855
3746
84
1427
337
3830
3560
2890
4081
4910
4640
1904
2751
2927
1060
967
3862
3048
2683
4352
3848
4818
1795
3399
2593
4837
1147
3874
576
1848
741
1541
3150
2453
991
4505
234
4252
1105
4507
2143
4736
3522
4053
1019
27
2061
235
3793
1330
964
3280
4065
782
241
4988
3365
3978
3411
4543
591
2001
1831
3012
4078
2795
305
3810
1732
4362
1592
3337
2892
1593
4670
4329
4797
3908
1751
1385
1388
1309
3721
1588
1090
721
3376
985
3165
1485
3942
3220
4289
3954
3863
4296
2469
4032
3296
3508
4042
2524
3456
4617
3875
185
4519
912
3996
2242
2010
3133
4491
3219
2676
328
1780
4033
1335
2056
1819
4493
4273
4414
3879
3693
1674
2127
2873
3451
4801
231
2257
4553
4914
1282
1317
1318
2487
2949
883
3563
4419
241
1016
3235
3979
1840
246
3875
2691
1255
4696
4539
4911
1065
4617
4941
3430
479
550
2417
1595
2928
944
2588
4911
847
53
2518
1710
3282
2703
3178
1246
2977
4859
222
3344
1328
3728
727
1462
2015
1321
1600
928
2393
4020
240
4771
180
3252
3670
4869
3267
958
4923
3680
1517
107
1358
4570
3269
2898
2406
1543
4884
1064
4315
4542
2667
493
90
4254
3363
4977
234
4732
1417
2407
182
3294
1314
3450
3429
2830
1381
4310
3440
4014
2333
3317
1221
2217
1366
275
252
1561
3600
4791
3727
3387
3094
2269
2354
4939
4982
2873
4911
26
3417
1609
1407
4272
4942
2278
656
3978
1851
4477
3219
2798
1680
1480
203
3560
4505
1353
4779
4689
900
2020
604
2248
788
1689
2459
1700
3811
3571
4066
2362
91
2082
807
2942
4745
1798
3357
3049
3249
3016
3572
761
251
2848
239
192
3272
1208
124
4896
2010
2655
3816
442
731
1171
1427
3793
1503
4703
1157
1704
2829
1486
97
4832
841
481
4697
1554
2306
4161
3307
1369
2628
1380
4269
3418
1212
3917
4443
2825
1408
3242
2704
4578
2202
776
4525
786
2684
4802
3633
2290
3452
1355
2984
4059
886
2614
4856
2105
3326
2170
1458
1599
1266
3131
4762
2322
2852
4107
3249
2490
2879
4825
4832
2552
4837
1791
1874
1549
3601
3540
1363
82
1819
3982
507
4499
1360
2349
2432
4544
4099
991
2342
4740
1224
4017
4917
3484
2867
4369
80
2964
4779
2432
984
2669
3002
1604
2905
3839
47
112
1617
4066
1905
2890
1123
1910
4234
1628
2344
1439
409
2829
3779
3685
4532
367
2748
1670
1926
4950
4829
74
1543
1941
2651
1540
910
631
4338
3368
3196
1023
351
48
3656
4066
4490
1040
4197
486
826
4859
2641
2983
745
3380
3824
4837
3906
4530
616
1788
4072
2009
4982
609
4209
439
4122
1435
574
1869
790
3504
3839
4072
2125
2529
1966
4811
4022
3058
600
1595
4263
3932
1498
4359
1142
1927
2336
2836
3612
2041
3180
4198
947
2692
4219
3242
4118
4348
3749
4272
840
2740
1115
20
3655
2880
89
3043
3227
4122
337
152
1048
2996
3857
2325
1841
4119
681
2356
2229
4292
2424
1092
4991
3087
4849
1673
3510
4768
2890
2086
1532
4123
1819
3040
107
2013
610
4482
3007
246
424
108
4408
777
4164
1225
1558
367
1918
4260
1101
4892
760
366
257
3146
3628
4476
4955
4185
646
1304
682
2469
351
4917
2533
264
1661
4980
938
75
4090
4824
1687
155
2044
4451
834
4959
1307
1902
769
599
289
2565
3531
1220
3197
4182
3904
2593
2473
1472
38
236
4085
653
2605
1302
4721
3512
58
2775
3327
3228
1163
986
4850
547
1157
4480
2329
4139
2491
3649
3756
4378
4978
3032
844
640
3319
3305
1831
3736
2066
3921
1473
3081
2465
1535
3587
2104
128
4149
2803
1600
463
4502
2839
1941
2646
71
4046
4100
1075
4486
280
2614
3705
990
3901
111
323
681
47
2319
2311
3817
491
850
1167
119
4600
4394
2860
4739
1753
3774
2544
1607
3952
1117
1690
1847
451
2173
224
432
1896
4655
4615
2717
2020
4331
630
4956
655
4799
1501
1479
1115
2042
1879
4539
4348
4381
4198
4011
1966
3460
2138
3578
1066
3086
3825
1873
1157
3705
3259
2766
751
1277
3546
1630
3092
1002
2867
3235
618
4639
207
543
4100
1082
2739
2565
2360
958
812
804
1936
3359
3455
4517
4558
559
2382
4815
1117
2285
2455
3092
2414
3234
1932
1298
3884
4191
593
1391
3869
3694
1521
408
4437
4235
4768
829
4144
4688
3495
80
506
1866
4396
939
2164
1781
1844
543
4759
4372
360
3992
1456
3463
25
4978
2905
1438
3870
1314
3438
2004
2471
4632
1585
44
1520
2361
3200
44
1361
2207
4233
4541
4757
2387
221
2732
2510
2222
1121
4116
4989
2171
4715
3125
2915
3109
1775
3448
3566
4840
2662
3328
3615
1757
4763
4431
859
3560
3646
1717
3813
1595
3314
4975
3435
995
2286
18
4988
2482
1734
2856
4019
3086
403
2222
3152
2925
3596
842
4995
1131
1481
1622
433
3232
3908
2939
1783
2896
4877
298
4060
1280
204
1107
1372
2845
1571
1957
4329
2384
3271
762
4580
447
2948
3657
3107
1230
2757
4363
4856
3889
1253
1295
2502
969
4948
61
1182
4686
4965
4779
1457
3370
1529
3212
4117
1297
3723
3773
2620
873
2784
311
3058
2535
1394
1163
798
2858
2313
1282
4031
3864
1820
1530
3088
779
1743
4852
2966
733
2302
3618
1898
2926
3411
3795
1485
3062
3542
2823
2927
4555
3080
162
1705
1485
1266
3657
529
4322
2967
302
3132
665
3409
4591
1469
1754
2080
4644
3957
4840
1111
4124
1400
4851
2326
1972
4082
4435
4531
4371
4374
2364
3596
4080
3095
3330
617
3178
4478
3461
4749
575
4353
1694
3919
3141
969
2903
752
29
4683
3048
4816
475
4584
4690
2056
3686
3154
2834
3003
642
4464
4266
2622
516
1496
3431
3676
1320
2847
4014
3755
1718
2192
2452
3836
1601
2070
3880
1794
4873
1349
4983
320
4595
3836
3493
1966
945
1802
4146
4312
2237
1131
2456
2936
1914
3585
4282
456
3156
3744
657
4082
4045
1853
4810
2931
4288
124
785
4719
3455
3926
2097
3253
3136
2127
1570
2110
994
4402
1930
4242
3724
4772
1936
3599
4452
4257
4950
4053
1477
1587
2423
3997
4917
571
563
1638
3444
2606
1755
4181
3132
2938
2476
504
4750
4733
4782
974
2323
2053
3370
3714
1358
3477
4327
4957
536
3259
108
2707
2535
3332
3995
1192
3598
3590
1533
2609
396
4674
1202
1358
167
1616
3236
2864
749
2017
1598
3651
1859
323
2650
3989
2265
3786
1233
4261
4960
4979
1036
361
4672
4130
1188
25
947
3709
3564
3667
2017
4803
1469
4200
618
3655
199
1995
397
2542
4596
2803
377
3229
4854
2879
2459
2525
4766
1701
1485
2304
2305
1736
3765
4514
3822
690
2600
2477
607
1666
3825
4041
113
1073
170
2938
2970
940
1429
4987
2506
180
4491
1641
1441
3593
1610
924
1975
4167
4277
443
3712
1151
2467
2109
2077
3527
755
3035
4383
3866
1116
3801
548
4150
3638
269
1266
4830
3053
4391
4850
2294
2157
3152
3626
3530
280
596
1924
4549
4806
4811
130
2062
4770
1665
2398
4401
4529
4029
2333
2561
3249
3969
4003
221
1547
3583
1924
191
868
2862
763
2606
2502
3657
1865
3839
2221
2784
4228
296
729
966
4879
2045
3235
543
4262
3326
1607
3611
4331
3485
1231
726
1368
251
1037
631
1413
4893
4139
3615
1480
4698
3140
4976
3906
2612
3366
565
491
4959
3910
4234
3902
365
2426
2708
4279
2385
3400
3129
2090
2627
4573
1726
552
3303
3651
1135
1622
4788
4181
1955
2184
392
4048
3635
4596
1735
2488
4874
4826
1703
2122
4342
3646
3409
2729
2187
2665
3763
3887
3901
3846
2653
4089
4883
3824
1868
2926
3283
3300
920
2336
452
2234
1172
1228
1546
1954
4117
1469
2412
839
2542
4032
511
2046
1867
1431
2474
57
1711
863
2313
4323
2900
2697
4329
738
4070
243
855
3717
1195
2644
3217
2986
345
1695
4801
2851
3378
919
2671
4072
2776
4289
4389
1764
3246
1081
1289
654
602
204
4336
3400
908
1906
1883
4026
3230
754
391
2731
4754
3961
3590
4829
2568
1409
4892
4806
2974
1481
3335
704
2102
1186
4286
471
4004
2149
2491
3537
694
1981
3490
3562
3888
3007
1286
292
4217
3443
2953
1523
4914
4150
3353
2095
3553
1994
1322
4906
4625
664
3369
15
2547
2019
4333
4008
594
3056
309
260
252
1987
3958
1804
548
74
2430
1917
4457
756
550
4156
4854
2759
2905
3640
4293
3074
4496
3108
1243
4183
1549
2128
3650
1858
3946
3990
2951
1823
4455
3739
1651
3255
336
2680
1272
1476
61
2829
2236
1369
2017
867
4714
456
2430
577
111
2381
4065
574
709
3884
273
85
4530
4332
3962
2405
3689
860
1078
3964
4103
794
3851
2505
334
2149
4928
3380
2518
691
566
3789
2404
182
4400
2881
2885
732
4953
1737
2988
2817
479
4108
4541
455
3174
4526
1252
193
1136
1157
4635
907
617
4655
1928
4581
2292
2806
4707
3165
4309
4573
3421
2946
1771
1547
3570
1045
1429
280
657
4089
4246
3046
3577
1352
4952
2783
3337
4304
2610
3923
4741
3687
2068
2234
1423
3961
3095
3438
1807
3695
2266
2145
3041
2378
3542
4747
1815
3007
2969
2362
2508
1966
2725
4455
229
3967
683
4702
537
4168
4694
1682
2394
2077
188
2529
905
3257
1722
4534
1497
3190
2353
3548
1991
4216
2080
1672
1635
2196
3955
4905
2891
1346
1205
451
3591
4886
4035
1691
25
178
3190
4716
3711
1476
544
3422
1078
272
1877
1286
2656
1941
4133
3872
338
472
2482
4971
3785
2083
377
1503
633
4105
400
1668
2973
1946
1800
73
8
1666
971
122
4778
2092
625
478
1882
1447
4557
3112
2927
4920
3228
3020
1006
1445
289
995
3736
2389
3825
4915
4376
2160
4491
4593
3705
1019
2091
1355
3038
4300
2493
3211
891
643
4090
2391
730
3462
1275
1540
2907
4913
1117
3427
209
4973
3751
644
4076
884
4899
3832
3001
3660
4644
3638
3314
2709
4908
3185
1093
4375
2836
4783
2715
535
329
3187
3374
214
403
1771
613
3130
1576
3525
2995
210
1689
853
549
1317
4537
4273
1961
3513
3348
4828
3579
1403
4564
2825
209
1820
1805
4249
4881
101
3830
1448
2741
2571
3880
4364
1845
4591
1584
2722
3389
1281
2669
1748
3600
2186
2417
4530
1702
1283
452
1644
2499
4955
4166
2030
3654
4708
1446
2491
4949
2083
4310
2207
3665
2424
4647
2677
955
147
1627
3832
4552
3614
2518
2269
92
4184
1054
500
192
4509
3201
4852
2257
339
2576
3615
2361
4472
631
924
2557
1
4615
1885
4814
1931
1596
4196
487
3483
2187
2540
170
784
4623
2248
955
3778
3310
982
1510
4861
2388
1604
2091
722
4426
3531
3981
288
317
1454
3024
1171
381
2659
3501
464
46
3949
2054
2112
3197
2568
1353
1459
3470
302
819
3941
4494
3975
4266
1664
3011
2861
1054
1324
3452
3956
3422
1917
541
3051
2522
4244
127
2044
4252
2803
1234
4190
4726
370
2293
983
1182
270
1849
2340
492
1011
4022
1574
3367
4582
3834
1452
824
2028
235
4494
3305
3472
1500
830
2098
4156
4604
1445
2708
1526
4390
2279
596
2479
1005
349
4337
4947
796
1583
277
4704
1610
2199
1510
2646
3403
1957
4336
1022
4669
1117
2844
4273
4899
889
1267
1688
2851
124
87
960
3707
896
2649
628
1972
4713
915
1590
758
4533
2284
1252
3300
3260
3118
2817
1012
221
833
1249
3230
944
4534
4862
2547
1327
4161
659
1623
4315
1113
3517
1129
2836
4512
1326
2304
3474
1668
2605
525
3056
1567
3699
4414
1691
4151
2847
2292
1774
452
3500
4083
4205
1262
3294
3781
960
4186
4
2142
3779
1398
3342
4764
4048
1470
1204
1448
3139
2843
829
60
3457
3955
2750
570
3348
1252
2928
291
777
4350
1793
4845
2012
4996
216
4050
821
3101
1624
2584
1557
3122
2127
1279
1867
4235
2834
1691
4663
3337
4520
4542
4679
1468
4194
4448
874
2346
923
2176
539
2381
3889
4449
1112
2851
1714
150
4859
1784
1887
4174
1535
4946
3793
4213
2694
279
3222
4953
3904
2370
3476
4912
1192
1596
2953
3087
2270
3504
401
732
4165
4356
3429
1734
2175
955
3746
1166
4832
692
1604
804
1070
3018
1037
4957
3105
2318
4452
799
3382
909
4418
122
1471
3353
1783
1863
932
3298
3116
4232
553
2526
4683
2208
2536
2319
1046
1876
3132
3964
1009
4050
4126
4164
1312
3820
4012
4491
683
4168
2768
135
4515
3708
3980
1420
1328
706
4129
4773
3301
4493
4973
2147
3765
3248
1472
512
4202
1885
768
2640
2269
476
4607
2643
572
4060
2390
4182
1678
2721
2445
1423
1512
2177
102
4956
38
1881
4902
2232
2683
1842
953
188
478
537
2113
104
132
4390
197
435
1029
4035
3117
2757
254
1615
4939
1082
1714
4806
4933
3774
3742
235
3026
2519
4756
800
4139
3601
1963
21
3768
4112
76
3438
665
2679
1750
3000
1439
213
2858
3270
2485
4145
4847
3205
3682
333
4663
1082
3297
4076
1437
4329
964
70
3684
1917
213
3868
3191
4767
1167
4696
2149
2179
2666
1082
1198
3198
2342
1866
1854
4189
4526
951
4852
2312
3727
2426
3260
1232
4551
3180
335
1210
1470
2566
519
2619
3734
3285
3843
2524
1700
250
2163
3940
483
4239
3338
4294
2098
1529
2311
687
2394
3140
1855
3952
2803
3554
3330
893
1417
651
3936
4735
4579
632
1358
4736
3033
4761
4675
1027
2527
4564
2815
2644
175
4228
2456
2216
299
227
718
3432
1523
3526
1089
1918
514
1538
4588
4132
4688
4452
2125
3238
1811
3796
1886
316
4963
3244
1066
772
2671
3242
3646
4517
1619
664
4325
1063
1147
870
1098
4449
3932
359
3320
2155
2234
2859
1429
768
1832
4106
4956
2180
1987
2777
3296
1825
3201
4817
2992
2174
1340
955
1574
432
1297
564
1699
2672
1344
3229
2116
4746
1510
897
1252
2106
1305
2835
1156
1813
3330
2357
587
1401
64
2472
1469
1345
3709
4776
4846
3866
946
1409
1031
2548
4228
2394
1937
4184
1842
1284
714
1916
2340
1184
3218
1952
1395
2982
4290
4558
805
4441
3756
1614
1493
2780
4428
3097
4040
4319
3951
967
1062
1316
4118
4610
2033
3946
2646
4436
3831
309
2105
4142
2010
4464
548
1181
1678
26
152
1220
1128
37
3395
595
1925
3240
2492
3766
2176
2855
4129
4280
624
1889
4084
2195
2116
4469
1782
2772
2112
302
4106
4006
211
2313
2085
4032
2033
9
2097
2702
2298
3258
3612
1364
3362
2830
1608
827
2795
2589
3014
1065
4312
2171
4036
4176
153
3058
2328
219
3302
2108
2641
3484
2756
2369
2319
995
3498
811
4014
410
660
4246
1293
3557
145
4584
3539
1321
1883
3568
4231
3519
1572
4045
4177
4782
304
4928
743
3165
181
3255
4296
2562
862
522
593
2502
346
572
2686
2383
2337
1423
2482
3213
1036
3146
4164
3617
708
1774
4264
4189
1149
1045
2982
4525
597
3316
324
4633
1183
4134
204
110
1520
501
1481
3162
526
916
2962
2883
4890
2664
1400
2435
267
4403
2878
2001
2779
2281
3863
434
4365
3854
573
404
1112
3394
2194
4186
1625
4460
2703
661
1663
1385
1925
4006
255
490
2596
3636
4789
4985
944
787
1716
1605
580
3826
3535
412
2977
2567
1198
1447
3521
4131
1002
1712
443
3302
1367
4707
509
379
3083
3916
3000
4394
4537
2967
2432
3305
425
3144
877
2332
4276
2552
3266
333
3338
3613
3971
3325
709
3142
3766
3486
4465
4079
3337
4299
468
2664
805
3988
515
3835
3145
2741
3311
3522
4885
2406
2864
2066
3647
1460
4556
1214
4074
3609
3844
3747
4653
2913
2604
3143
4661
4545
3760
1458
2686
4994
2512
1689
741
3357
556
3776
2291
1781
2563
4445
995
611
3296
3093
1507
201
207
3571
1617
1685
673
2961
1635
2592
3094
1974
2506
2562
2502
2438
3845
2266
4967
2892
3267
1126
382
236
4494
2769
1947
1504
4468
4501
2369
2836
4524
782
3863
1888
4201
851
4349
853
1212
4413
4667
4598
1347
3022
2550
1196
430
983
3273
2465
2748
791
1783
3502
3182
4136
4135
4035
1494
3437
1437
2190
2821
1004
3961
1173
3792
1708
2140
2590
2842
1856
1112
1120
810
4415
4063
232
683
3961
4401
2054
4626
945
3261
2422
3487
4342
2129
3161
297
4561
4355
3468
2272
1932
4255
2499
4372
3879
4140
120
3188
3958
1956
1315
1268
4028
2833
2968
3706
3978
2022
3202
4941
3073
2900
2122
3890
4231
1924
1521
1433
4072
4630
3335
3159
2125
3723
1727
633
2203
3645
2269
1633
3040
4329
2663
1018
1255
683
1435
4089
1348
4395
3187
2618
3248
2460
2427
4508
4498
740
278
131
4068
2406
28
3751
4263
3751
2484
3936
3416
4428
2727
3164
2133
565
1540
825
1358
157
253
764
1324
1051
1153
4078
890
472
1552
1818
456
3563
148
2979
87
990
3604
1016
1032
1391
2800
1731
4985
1061
1707
4646
4063
586
3193
3335
4247
805
1845
1620
2252
1166
1118
2530
700
4233
1358
1577
2728
2855
3900
2913
418
3720
1912
4334
2225
1106
319
838
4772
4073
2425
3789
3766
4063
1264
573
633
4936
4291
1836
4929
3467
4761
3489
4940
170
37
3062
1943
1874
4852
2854
730
1061
777
4039
754
4967
956
1745
3696
1867
3863
2127
187
352
1871
2715
1422
891
646
888
2036
3096
3966
1905
1555
4081
1350
882
1900
888
1221
4158
1405
3834
671
2314
1681
3864
3430
3765
880
1015
2084
4195
2662
3861
3805
932
1977
1612
2334
282
4994
2462
3865
589
4234
2696
3992
2116
3150
639
4644
1248
2293
3156
2034
4900
2115
3548
3650
1825
3818
929
1688
2055
2567
1441
3347
1170
3068
567
4749
2953
1357
4227
2707
11
3583
257
2637
3313
1721
2427
4843
4228
316
1602
302
2569
875
3042
210
109
1749
95
2598
3720
372
2529
3947
240
1224
4360
3172
1953
135
2215
4526
364
1441
2688
3107
2888
827
559
4077
4716
1650
736
2641
4789
3715
4508
3121
581
657
2381
3254
3051
411
3889
314
828
3967
2489
4423
4407
4615
2315
4860
791
1815
3204
4708
1615
4899
2548
1806
4169
1736
700
3321
823
3344
1284
68
825
2538
1280
3146
4895
1317
2391
1389
3687
85
4823
104
3519
3178
4160
4240
644
4134
365
2482
4898
3345
4931
2304
3613
2578
1744
3937
404
786
871
1310
3950
1761
1118
1129
3090
76
1184
1758
3999
4897
2056
4428
4971
2795
1397
1814
4267
3978
3010
4323
4829
4393
1376
4711
2649
4669
4716
2051
2714
3448
1876
2968
4574
3405
4316
4818
1404
4390
1463
4967
3707
3663
3911
3881
1298
2268
2377
1666
4877
4161
4684
2632
1149
2783
1534
1930
2378
140
1136
3961
63
3027
2573
2955
1267
2754
1018
2493
1887
1430
2687
2244
263
1449
1579
856
2861
4288
4795
3516
4148
3628
3888
4460
4173
786
2256
801
4602
3601
2264
3808
3854
3924
119
792
4789
3905
2113
712
1709
1342
2534
1317
4799
901
3257
3858
4127
3753
1553
1537
4047
4091
934
4842
2442
2037
1739
1239
603
2193
4781
4571
27
2506
2201
1510
3551
2701
3549
1573
1077
3401
1132
4327
758
4001
4438
1494
1819
1263
3360
849
3632
4836
571
4257
532
4845
1875
653
2655
2086
1430
2316
4268
164
326
755
1156
4743
1556
882
4304
2144
2586
1250
334
463
1495
3983
3457
3950
2671
2469
3632
3960
3966
3948
2784
3053
4353
3183
3540
4427
1667
3713
3973
1593
633
3372
3408
4351
1246
475
388
3001
316
4202
4217
3369
2225
252
749
3157
425
2636
516
4793
2650
1814
2500
4090
210
2194
2343
2037
3104
4363
2076
864
1308
3666
4179
3268
3112
2376
1301
4868
794
615
4236
3001
1904
664
3746
4878
2687
2164
2312
3692
2134
1460
3040
165
1858
1562
2865
2885
1449
3492
450
1781
1932
3290
366
3620
3698
2801
3167
3798
993
334
4123
3483
3089
3783
1144
843
3144
3424
2714
4379
4923
1533
2805
3052
4805
56
3658
4527
2844
4104
720
170
1400
1980
2471
1699
2201
2821
4452
3192
2781
3496
2383
2251
2923
628
1788
2030
2032
4747
3466
145
4399
967
71
838
1505
2421
501
143
4955
4828
4664
4947
2432
865
4576
762
121
1158
3865
1368
1335
988
4988
1525
2623
2744
1382
4294
279
3882
391
961
4374
4723
3178
2183
3109
3240
4028
4199
4160
1951
55
140
2043
4029
36
328
3158
1486
3891
2998
1844
395
1977
1496
2316
2042
4454
3383
1175
2996
4303
368
1958
1478
3484
3920
4545
1459
2518
3589
829
2710
4068
3611
2044
4285
3412
4560
4073
3708
272
2273
4748
2716
3265
2571
981
2802
4605
926
1811
1837
2450
28
3489
2548
1792
4227
2534
947
877
3604
497
2067
514
4750
2391
3374
4930
1320
2621
1411
2156
471
3464
2248
1205
2127
736
2391
4683
4664
3213
1993
2640
316
2835
87
2354
1662
4834
4532
2586
2349
874
3385
981
701
3728
1378
3747
154
188
3659
1215
2646
3183
1296
256
986
893
4641
3278
2101
4360
1867
886
1255
2292
4259
1354
463
2289
3647
1747
200
4722
1197
1424
2376
3423
1451
4094
1996
4155
2915
2307
1787
1946
1408
2186
882
2399
4331
4832
4656
3925
4410
1618
2864
3547
17
1120
2035
3584
4351
1702
4720
1355
4136
2450
3603
466
1402
233
1664
592
4615
3417
919
2755
2299
24
3149
3421
4258
2452
2278
2162
1929
2215
1711
2875
1165
1841
3060
2805
3173
2322
3149
80
213
166
3987
2605
366
1629
559
3340
2952
2397
202
3710
1348
368
611
3495
2133
3605
3965
3532
4709
4514
1444
1432
4827
4576
1071
3005
4209
321
3242
4946
146
4549
2099
294
2596
3420
343
2266
1760
1085
1514
4617
1684
4710
3417
1915
2321
1765
857
2974
3859
499
437
38
4083
430
1180
3736
2218
1045
1960
4836
3982
196
1303
2741
3127
2862
1711
1854
2354
1979
1895
2830
3235
4027
2907
2545
2696
2678
3622
4468
87
608
656
3300
976
4666
3915
1058
1319
2496
4669
1392
561
1167
1350
426
3825
2104
3137
666
1376
3441
4725
2790
324
561
4315
3345
4192
1099
3632
2155
1936
3472
834
2596
2394
243
584
2899
3223
2337
3277
624
4335
4280
4394
1745
4012
2553
4873
2944
4846
2399
2503
4843
3376
561
231
1567
562
4003
4773
2202
4397
1411
795
3282
4049
4132
961
1555
2818
3645
1639
3197
2317
4997
3445
1868
4012
4374
0
396
4052
4306
4165
344
2750
1223
1701
478
2331
3035
2882
2019
4171
1746
3204
2407
1256
1436
4903
3826
2357
1987
2247
443
2143
2952
1058
1617
2752
1763
3044
563
3073
3661
481
1001
2005
202
2515
3207
1496
4110
4080
3262
1342
3367
1777
4767
3540
3412
3586
4371
1300
224
984
330
514
3862
3841
53
4947
3007
2501
113
131
2240
4541
988
328
1736
583
392
4599
1385
1618
3488
1752
2690
954
1917
2289
4773
2864
4804
2328
2020
4790
2041
4706
1967
2529
3198
1219
498
3163
4029
1256
1964
4351
3689
1538
1768
2845
1260
337
867
182
2161
1261
2548
3908
1174
3941
3396
2873
1293
3597
3782
18
2272
3895
4708
4100
125
59
4377
2456
3218
1674
2447
3684
458
4610
2726
3405
4611
1276
359
3505
2303
896
3744
4210
4844
1362
192
1344
1394
2742
1810
1482
279
3166
784
1621
2160
278
2735
1653
4757
1015
1761
4331
1039
4783
3210
4092
883
664
1639
3044
4309
2865
1219
3416
439
1814
2716
4682
2465
199
1520
4152
4843
2372
3741
2706
587
1586
298
2815
4272
552
4116
3291
4064
3794
4370
85
2026
1282
809
421
514
1462
2307
248
3921
40
3465
3525
2795
4311
637
3176
3687
3823
3568
90
1765
4954
629
2108
2890
4384
3965
811
3070
4913
4006
2373
670
1315
4012
4121
1896
1951