1000.txt
0.262
0.324
0.375
0.391
0.440
0.678
0.429
0.479
0.462
0.507
0.495
0.544
0.463
0.481
0.391
0.492
0.381
0.394
0.597
0.615
0.418
0.690
0.621
0.499
0.663
0.478
0.565
0.702
5000.txt
0.610
0.562
0.638
0.657
0.935
0.822
0.909
0.889
1.364
0.853
0.823
0.794
1.588
1.191
0.969
1.356
0.826
0.717
0.987
1.450
0.926
0.900
1.372
1.054
0.869
0.881
1.127
1.743
10000.txt
1.171
0.970
0.876
1.107
1.429
0.958
1.349
1.409
1.063
1.671
1.282
1.631
1.517
1.177
1.489
1.453
1.453
1.294
1.714
2.061
2.625
1.442
1.603
1.646
1.698
1.714
4.723
2.137
50000.txt
6.784
5.831
4.574
3.982
3.669
3.500
3.765
4.283
3.049
3.129
3.936
3.372
3.502
4.450
3.938
4.064
4.577
3.557
4.301
4.673
4.968
5.043
3.526
4.495
4.847
4.055
3.806
16.576
100000.txt
13.834
10.739
8.214
6.062
5.604
4.652
5.523
4.686
6.030
5.039
4.893
5.503
6.696
6.616
7.131
7.360
7.445
6.054
6.147
5.254
5.908
5.877
7.924
7.002
7.220
5.734
5.841
6.553
500000.txt
78.862
47.175
34.891
30.447
27.196
24.189
21.642
22.083
21.145
18.535
18.264
21.346
17.408
21.769
20.303
19.262
17.847
20.834
21.626
20.674
22.045
21.149
21.344
24.201
24.012
20.415
17.951
19.031
1000000.txt
165.488
89.101
64.181
55.899
47.056
43.404
43.440
37.923
39.169
37.105
34.580
35.664
35.748
35.533
35.131
33.958
36.612
36.830
34.699
33.352
35.271
37.144
37.552
35.972
36.436
34.412
35.766
37.549
